200 36 0.163392 13 0.114545 0.333528 0.157666 -0.308819 0.124541 0.258989 0.186183 -0.251535 0.174076 0
210 35 0.170808 16 0.122601 0.329494 0.174757 -0.314138 0.124885 0.258989 0.186183 -0.251535 0.174076 0
220 36 0.191429 30 0.134275 0.353887 0.161172 -0.313786 0.126316 0.258989 0.186183 -0.251535 0.174076 0
230 36 0.224232 35 0.161618 0.334933 0.175496 -0.322434 0.119817 0.258989 0.186183 -0.251535 0.174076 0
240 38 0.243635 35 0.166145 0.352400 0.187683 -0.323074 0.143996 0.258989 0.186183 -0.251535 0.174076 0
250 36 0.268615 34 0.178691 0.380059 0.164429 -0.335435 0.157823 0.258989 0.186183 -0.251535 0.174076 0
260 36 0.325556 34 0.209424 0.352042 0.166279 -0.329623 0.135471 0.258989 0.186183 -0.251535 0.174076 0
270 35 0.333077 5 0.205827 0.377160 0.171399 -0.340148 0.153802 0.258989 0.186183 -0.251535 0.174076 0
280 5 0.237301 5 0.234364 0.382672 0.163990 -0.327236 0.163227 0.258989 0.186183 -0.251535 0.174076 0
290 3 0.234152 34 0.296616 0.375371 0.165693 -0.347340 0.146366 0.258989 0.186183 -0.251535 0.174076 0
300 3 0.248733 2 0.248867 0.344922 0.180088 -0.346848 0.161256 0.258989 0.186183 -0.251535 0.174076 0
310 2 0.225281 3 0.235488 0.365978 0.200963 -0.337725 0.174621 0.258989 0.186183 -0.251535 0.174076 0
320 0 0.166841 35 0.283704 0.377126 0.177551 -0.335297 0.164655 0.258989 0.186183 -0.251535 0.174076 0
330 0 0.144937 -1 0.145713 0.364265 0.178879 -0.332993 0.177033 0.258989 0.186183 -0.251535 0.174076 0
340 0 0.145361 1 0.146661 0.408508 0.162991 -0.346797 0.168414 0.258989 0.186183 -0.251535 0.174076 0
350 1 0.144601 1 0.144099 0.368762 0.171750 -0.358010 0.165985 0.258989 0.186183 -0.251535 0.174076 0
360 0 0.124159 0 0.124159 0.349145 0.163294 -0.377206 0.163552 0.258989 0.186183 -0.251535 0.174076 0
370 -1 0.158181 -2 0.167653 0.357868 0.178604 -0.374317 0.174391 0.258989 0.186183 -0.251535 0.174076 0
380 -1 0.184820 -1 0.184264 0.359319 0.165199 -0.373793 0.167048 0.258989 0.186183 -0.251535 0.174076 0
390 -1 0.184555 -1 0.183781 0.351386 0.163685 -0.365730 0.165023 0.258989 0.186183 -0.251535 0.174076 0
400 -3 0.144594 -3 0.140531 0.355498 0.158214 -0.372541 0.155408 0.258989 0.186183 -0.251535 0.174076 0
410 -3 0.146268 -3 0.144632 0.350593 0.162364 -0.329592 0.161175 0.258989 0.186183 -0.251535 0.174076 0
420 -3 0.137565 -3 0.137744 0.360347 0.146123 -0.334169 0.152748 0.258989 0.186183 -0.251535 0.174076 0
430 -3 0.146523 -3 0.150470 0.332375 0.140957 -0.339718 0.144699 0.258989 0.186183 -0.251535 0.174076 0
440 -3 0.157586 -4 0.165462 0.346428 0.150247 -0.342544 0.152945 0.258989 0.186183 -0.251535 0.174076 0
450 -3 0.183337 -4 0.190529 0.367163 0.140691 -0.356719 0.146192 0.258989 0.186183 -0.251535 0.174076 0
460 -3 0.205619 -4 0.211125 0.365906 0.135505 -0.376255 0.133914 0.258989 0.186183 -0.251535 0.174076 0
470 -4 0.212655 -4 0.205098 0.358202 0.144624 -0.366906 0.140776 0.258989 0.186183 -0.251535 0.174076 0
480 -4 0.212118 -5 0.232184 0.371838 0.144289 -0.367093 0.121858 0.258989 0.186183 -0.251535 0.174076 0
490 -4 0.245900 -4 0.246714 0.380610 0.138391 -0.352796 0.134362 0.258989 0.186183 -0.251535 0.174076 0
500 -4 0.250417 -4 0.254203 0.357468 0.127841 -0.373534 0.129575 0.258989 0.186183 -0.251535 0.174076 0
510 -4 0.252247 -5 0.254418 0.380364 0.129955 -0.404417 0.116955 0.258989 0.186183 -0.251535 0.174076 0
520 -5 0.269779 -5 0.281950 0.369292 0.111595 -0.362329 0.107703 0.258989 0.186183 -0.251535 0.174076 0
530 -5 0.285993 -5 0.287963 0.354502 0.127133 -0.370057 0.111377 0.258989 0.186183 -0.251535 0.174076 0
540 -5 0.285980 -5 0.283136 0.375880 0.128736 -0.358752 0.122658 0.258989 0.186183 -0.251535 0.174076 0
550 -5 0.280336 -5 0.284487 0.389239 0.125636 -0.377426 0.104733 0.258989 0.186183 -0.251535 0.174076 0
560 -5 0.290159 -5 0.288519 0.390382 0.105289 -0.364306 0.104256 0.258989 0.186183 -0.251535 0.174076 0
570 -5 0.285325 -5 0.283502 0.397590 0.124855 -0.383512 0.104100 0.258989 0.186183 -0.251535 0.174076 0
580 -5 0.281652 -5 0.280331 0.401020 0.110551 -0.376381 0.107608 0.258989 0.186183 -0.251535 0.174076 0
590 -5 0.283646 -5 0.287828 0.396243 0.117767 -0.397170 0.110530 0.258989 0.186183 -0.251535 0.174076 0
600 -5 0.286938 -4 0.284257 0.400077 0.126497 -0.394796 0.106271 0.258989 0.186183 -0.251535 0.174076 0
610 -4 0.283031 -4 0.283589 0.398770 0.109369 -0.397887 0.106603 0.258989 0.186183 -0.251535 0.174076 0
620 -4 0.283444 -5 0.291904 0.412327 0.108027 -0.411656 0.113229 0.258989 0.186183 -0.251535 0.174076 0
630 -4 0.315520 -4 0.328328 0.415829 0.119315 -0.411694 0.099177 0.258989 0.186183 -0.251535 0.174076 0
640 -4 0.327566 -4 0.327098 0.438029 0.105643 -0.424464 0.104475 0.258989 0.186183 -0.251535 0.174076 0
650 -4 0.333298 -4 0.340234 0.441584 0.125696 -0.429029 0.105810 0.258989 0.186183 -0.251535 0.174076 0
660 -4 0.350130 -4 0.359539 0.430529 0.120411 -0.436578 0.106452 0.258989 0.186183 -0.251535 0.174076 0
670 -4 0.373734 -4 0.378782 0.448077 0.114283 -0.436080 0.104554 0.258989 0.186183 -0.251535 0.174076 0
680 -4 0.378935 -4 0.379000 0.468302 0.110531 -0.444575 0.110483 0.258989 0.186183 -0.251535 0.174076 0
690 -4 0.379456 -4 0.377007 0.464509 0.117021 -0.468261 0.094423 0.258989 0.186183 -0.251535 0.174076 0
700 -4 0.365826 -4 0.365245 0.460381 0.106369 -0.453451 0.099779 0.258989 0.186183 -0.251535 0.174076 0
710 -4 0.370338 -4 0.370468 0.464160 0.101109 -0.443543 0.104909 0.258989 0.186183 -0.251535 0.174076 0
720 -4 0.366835 -4 0.365495 0.455997 0.102504 -0.435966 0.100471 0.258989 0.186183 -0.251535 0.174076 0
730 -4 0.364050 -4 0.359128 0.460158 0.101007 -0.456051 0.101736 0.258989 0.186183 -0.251535 0.174076 0
740 -5 0.355344 -5 0.361236 0.463604 0.098105 -0.442168 0.096881 0.258989 0.186183 -0.251535 0.174076 0
750 -5 0.366721 -5 0.368749 0.450298 0.096057 -0.439972 0.091607 0.258989 0.186183 -0.251535 0.174076 0
760 -5 0.373636 -5 0.383298 0.448064 0.100035 -0.435691 0.100226 0.258989 0.186183 -0.251535 0.174076 0
770 -5 0.398673 -5 0.416310 0.475766 0.109682 -0.465483 0.099452 0.258989 0.186183 -0.251535 0.174076 0
780 -5 0.428742 -5 0.430864 0.457264 0.103124 -0.459280 0.103236 0.258989 0.186183 -0.251535 0.174076 0
790 -5 0.428839 -5 0.427412 0.471697 0.105209 -0.461070 0.097207 0.258989 0.186183 -0.251535 0.174076 0
800 -5 0.430193 -5 0.437475 0.476434 0.096889 -0.472094 0.090383 0.258989 0.186183 -0.251535 0.174076 0
810 -5 0.447357 -5 0.460871 0.467864 0.100806 -0.463673 0.092655 0.258989 0.186183 -0.251535 0.174076 0
820 -5 0.473098 -5 0.478236 0.500772 0.083843 -0.496190 0.090026 0.258989 0.186183 -0.251535 0.174076 0
830 -5 0.477515 -5 0.482800 0.490045 0.091664 -0.490024 0.094607 0.258989 0.186183 -0.251535 0.174076 0
840 -4 0.496145 -5 0.505778 0.497734 0.091442 -0.480548 0.091458 0.258989 0.186183 -0.251535 0.174076 0
850 -4 0.512242 -4 0.514458 0.508673 0.102341 -0.497934 0.098443 0.258989 0.186183 -0.251535 0.174076 0
860 -4 0.514583 -4 0.512855 0.497175 0.095410 -0.503053 0.088837 0.258989 0.186183 -0.251535 0.174076 0
870 -4 0.518295 -4 0.526307 0.520758 0.097491 -0.511466 0.095791 0.258989 0.186183 -0.251535 0.174076 0
880 -4 0.532395 -4 0.531056 0.519150 0.089738 -0.521399 0.089741 0.258989 0.186183 -0.251535 0.174076 0
890 -4 0.532106 -4 0.535554 0.538174 0.087424 -0.531751 0.084673 0.258989 0.186183 -0.251535 0.174076 0
900 -4 0.539616 -4 0.542080 0.508850 0.089301 -0.518480 0.087479 0.258989 0.186183 -0.251535 0.174076 0
910 -4 0.564438 -4 0.588054 0.514735 0.083122 -0.519789 0.084800 0.258989 0.186183 -0.251535 0.174076 0
920 -4 0.603254 -4 0.601029 0.525750 0.095806 -0.518450 0.091728 0.258989 0.186183 -0.251535 0.174076 0
930 -4 0.602785 -4 0.605417 0.546779 0.104970 -0.546369 0.084690 0.258989 0.186183 -0.251535 0.174076 0
940 -4 0.610156 -4 0.615244 0.543611 0.103383 -0.532797 0.099755 0.258989 0.186183 -0.251535 0.174076 0
950 -4 0.625047 -4 0.630027 0.526241 0.105127 -0.516162 0.102054 0.258989 0.186183 -0.251535 0.174076 0
960 -4 0.627020 -4 0.623299 0.538086 0.095293 -0.537104 0.092369 0.258989 0.186183 -0.251535 0.174076 0
970 -4 0.627008 -4 0.633151 0.512091 0.110668 -0.528617 0.094884 0.258989 0.186183 -0.251535 0.174076 1
980 -4 0.647108 -4 0.662807 0.519591 0.117158 -0.523211 0.117416 0.258989 0.186183 -0.251535 0.174076 1
990 -4 0.678862 -4 0.680413 0.523862 0.106075 -0.517387 0.102518 0.258989 0.186183 -0.251535 0.174076 1
1000 -4 0.677906 -4 0.674063 0.510982 0.100238 -0.506627 0.098300 0.258989 0.186183 -0.251535 0.174076 1
1010 -4 0.668841 -4 0.671392 0.510641 0.097318 -0.498144 0.097459 0.258989 0.186183 -0.251535 0.174076 1
1020 -4 0.685795 -4 0.703737 0.497442 0.094348 -0.497181 0.091965 0.258989 0.186183 -0.251535 0.174076 1
1030 -4 0.722802 -4 0.725914 0.490637 0.126924 -0.471480 0.121012 0.258989 0.186183 -0.251535 0.174076 1
1040 -4 0.723570 -4 0.723299 0.466641 0.108567 -0.461329 0.104400 0.258989 0.186183 -0.251535 0.174076 1
1050 -3 0.733923 -4 0.755111 0.489061 0.105268 -0.493347 0.101036 0.258989 0.186183 -0.251535 0.174076 1
1060 -4 0.792190 -4 0.804864 0.476944 0.101745 -0.472884 0.093957 0.258989 0.186183 -0.251535 0.174076 1
1070 -3 0.811753 -3 0.812607 0.462618 0.110846 -0.465572 0.119445 0.258989 0.186183 -0.251535 0.174076 1
1080 -3 0.810911 -4 0.811136 0.441085 0.119805 -0.441383 0.105180 0.258989 0.186183 -0.251535 0.174076 1
1090 -4 0.820817 -4 0.830912 0.466200 0.098117 -0.461104 0.106517 0.258989 0.186183 -0.251535 0.174076 1
1100 -4 0.838078 -4 0.837909 0.450508 0.107352 -0.461344 0.106431 0.258989 0.186183 -0.251535 0.174076 1
1110 -4 0.836233 -4 0.835254 0.473316 0.112356 -0.469499 0.113522 0.258989 0.186183 -0.251535 0.174076 1
1120 -4 0.831108 -4 0.831741 0.490559 0.123037 -0.476321 0.119692 0.258989 0.186183 -0.251535 0.174076 1
1130 -4 0.836055 -4 0.839736 0.483287 0.107767 -0.476212 0.110148 0.258989 0.186183 -0.251535 0.174076 1
1140 -4 0.841594 -4 0.841514 0.509873 0.110239 -0.504772 0.117550 0.258989 0.186183 -0.251535 0.174076 1
1150 -4 0.837839 -4 0.835890 0.507893 0.112759 -0.505884 0.113912 0.258989 0.186183 -0.251535 0.174076 1
1160 -4 0.834933 -4 0.834332 0.505304 0.111790 -0.510103 0.107411 0.258989 0.186183 -0.251535 0.174076 1
1170 -4 0.840079 -4 0.846025 0.492090 0.115612 -0.488303 0.113164 0.258989 0.186183 -0.251535 0.174076 1
1180 -4 0.848189 -4 0.847043 0.526272 0.109947 -0.520561 0.103161 0.258989 0.186183 -0.251535 0.174076 1
1190 -4 0.849300 -4 0.851585 0.521865 0.135033 -0.520278 0.138784 0.258989 0.186183 -0.251535 0.174076 1
1200 -3 0.856416 -3 0.857570 0.536064 0.112998 -0.526183 0.115842 0.258989 0.186183 -0.251535 0.174076 1
1210 -3 0.861283 -3 0.863403 0.518413 0.128025 -0.512442 0.122661 0.258989 0.186183 -0.251535 0.174076 1
1220 -3 0.865156 -3 0.865778 0.495743 0.111739 -0.498942 0.106718 0.258989 0.186183 -0.251535 0.174076 1
1230 -3 0.870376 -3 0.871855 0.498917 0.133519 -0.501621 0.130246 0.258989 0.186183 -0.251535 0.174076 1
1240 -4 0.872840 -4 0.868722 0.490778 0.128434 -0.483051 0.127870 0.258989 0.186183 -0.251535 0.174076 1
1250 -4 0.868520 -4 0.872273 0.489860 0.106987 -0.481614 0.100337 0.258989 0.186183 -0.251535 0.174076 1
1260 -4 0.875072 -4 0.874219 0.484078 0.101519 -0.480015 0.107735 0.258989 0.186183 -0.251535 0.174076 1
1270 -4 0.874130 -4 0.876403 0.482886 0.114481 -0.474677 0.110780 0.258989 0.186183 -0.251535 0.174076 1
1280 -4 0.877839 -4 0.875930 0.463251 0.123247 -0.460416 0.119418 0.258989 0.186183 -0.251535 0.174076 1
1290 -4 0.858372 -4 0.847025 0.479328 0.113940 -0.474212 0.114808 0.258989 0.186183 -0.251535 0.174076 1
1300 -4 0.840098 -4 0.838631 0.469499 0.119483 -0.472671 0.115764 0.258989 0.186183 -0.251535 0.174076 1
1310 -4 0.838381 -4 0.839397 0.467287 0.124643 -0.466172 0.116023 0.258989 0.186183 -0.251535 0.174076 1
1320 -4 0.841178 -4 0.842249 0.485788 0.124003 -0.484546 0.118407 0.258989 0.186183 -0.251535 0.174076 1
1330 -4 0.838689 -4 0.835898 0.503184 0.125433 -0.501450 0.122536 0.258989 0.186183 -0.251535 0.174076 1
1340 -4 0.835132 -4 0.835217 0.508857 0.114150 -0.508630 0.119994 0.258989 0.186183 -0.251535 0.174076 1
1350 -4 0.835455 -4 0.835905 0.480546 0.137065 -0.477405 0.130383 0.258989 0.186183 -0.251535 0.174076 1
1360 -4 0.835711 -4 0.836445 0.513934 0.122222 -0.506114 0.112408 0.258989 0.186183 -0.251535 0.174076 1
1370 -4 0.835174 -4 0.831129 0.480523 0.117041 -0.480109 0.115002 0.258989 0.186183 -0.251535 0.174076 1
1380 -4 0.825318 -4 0.826082 0.501136 0.109447 -0.496445 0.109140 0.258989 0.186183 -0.251535 0.174076 1
1390 -4 0.821484 -4 0.819777 0.493743 0.118190 -0.491082 0.116656 0.258989 0.186183 -0.251535 0.174076 1
1400 -4 0.821326 -4 0.822400 0.496700 0.109917 -0.487049 0.121713 0.258989 0.186183 -0.251535 0.174076 1
1410 -4 0.823187 -4 0.822180 0.486603 0.125296 -0.478055 0.122677 0.258989 0.186183 -0.251535 0.174076 1
1420 -4 0.823087 -4 0.823511 0.475021 0.102917 -0.477286 0.096994 0.258989 0.186183 -0.251535 0.174076 1
1430 -4 0.822241 -4 0.814211 0.466915 0.101126 -0.457820 0.105921 0.258989 0.186183 -0.251535 0.174076 1
1440 -4 0.807358 -4 0.806370 0.450162 0.100921 -0.447652 0.104270 0.258989 0.186183 -0.251535 0.174076 1
1450 -4 0.806218 -4 0.804343 0.441370 0.107243 -0.439707 0.106031 0.258989 0.186183 -0.251535 0.174076 1
1460 -4 0.800018 -4 0.796472 0.449626 0.124514 -0.438819 0.113464 0.258989 0.186183 -0.251535 0.174076 1
1470 -4 0.794336 -4 0.793212 0.462192 0.102272 -0.455847 0.102182 0.258989 0.186183 -0.251535 0.174076 1
1480 -4 0.779225 -4 0.764944 0.469925 0.111332 -0.471884 0.103806 0.258989 0.186183 -0.251535 0.174076 1
1490 -4 0.751443 -4 0.751620 0.474549 0.101980 -0.472896 0.093284 0.258989 0.186183 -0.251535 0.174076 1
1500 -4 0.755422 -4 0.754025 0.469523 0.104799 -0.471202 0.104218 0.258989 0.186183 -0.251535 0.174076 1
1510 -4 0.748907 -4 0.747726 0.478034 0.088065 -0.477894 0.086206 0.258989 0.186183 -0.251535 0.174076 1
1520 -4 0.746029 -4 0.740192 0.482158 0.103790 -0.479560 0.098499 0.258989 0.186183 -0.251535 0.174076 1
1530 -4 0.719276 -4 0.709559 0.494160 0.113772 -0.486660 0.109274 0.258989 0.186183 -0.251535 0.174076 1
1540 -4 0.706280 -4 0.706212 0.477748 0.099623 -0.480987 0.090084 0.258989 0.186183 -0.251535 0.174076 1
1550 -4 0.706959 -4 0.707914 0.474950 0.118315 -0.488845 0.105806 0.258989 0.186183 -0.251535 0.174076 1
1560 -4 0.707325 -4 0.706139 0.467116 0.102161 -0.466587 0.098876 0.258989 0.186183 -0.251535 0.174076 1
1570 -4 0.704259 -4 0.702294 0.466240 0.101885 -0.453619 0.098977 0.258989 0.186183 -0.251535 0.174076 1
1580 -4 0.696512 -4 0.694038 0.457248 0.105180 -0.465622 0.099874 0.258989 0.186183 -0.251535 0.174076 1
1590 -4 0.696315 -4 0.698910 0.446848 0.104999 -0.441339 0.100184 0.258989 0.186183 -0.251535 0.174076 1
1600 -4 0.703402 -4 0.705876 0.437383 0.101804 -0.427930 0.095211 0.258989 0.186183 -0.251535 0.174076 1
1610 -5 0.708606 -5 0.706675 0.435582 0.114569 -0.434612 0.105994 0.258989 0.186183 -0.251535 0.174076 1
1620 -5 0.702552 -5 0.696163 0.445765 0.111463 -0.451756 0.112651 0.258989 0.186183 -0.251535 0.174076 1
1630 -5 0.692712 -5 0.690885 0.463472 0.114423 -0.462884 0.108168 0.258989 0.186183 -0.251535 0.174076 1
1640 -5 0.690608 -5 0.693936 0.459542 0.113248 -0.455187 0.102969 0.258989 0.186183 -0.251535 0.174076 1
1650 -5 0.695960 -5 0.693474 0.468794 0.102553 -0.459762 0.102812 0.258989 0.186183 -0.251535 0.174076 1
1660 -5 0.690989 -5 0.690781 0.478801 0.110180 -0.470137 0.097356 0.258989 0.186183 -0.251535 0.174076 1
1670 -5 0.688484 -5 0.681839 0.460496 0.109045 -0.464766 0.110940 0.258989 0.186183 -0.251535 0.174076 1
1680 -5 0.677589 -5 0.679820 0.450074 0.116988 -0.458974 0.112972 0.258989 0.186183 -0.251535 0.174076 1
1690 -5 0.680611 -5 0.679767 0.444577 0.117604 -0.458438 0.108402 0.258989 0.186183 -0.251535 0.174076 1
1700 -5 0.678392 -5 0.677665 0.445113 0.118593 -0.441822 0.109215 0.258989 0.186183 -0.251535 0.174076 1
1710 -5 0.676323 -5 0.674376 0.425285 0.116942 -0.429336 0.112180 0.258989 0.186183 -0.251535 0.174076 1
1720 -5 0.670344 -5 0.671304 0.447212 0.100212 -0.434081 0.096340 0.258989 0.186183 -0.251535 0.174076 1
1730 -6 0.669783 -6 0.668380 0.434130 0.108862 -0.427868 0.085116 0.258989 0.186183 -0.251535 0.174076 1
1740 -6 0.669989 -6 0.675066 0.441674 0.096170 -0.423491 0.100637 0.258989 0.186183 -0.251535 0.174076 1
1750 -6 0.675901 -6 0.675338 0.443226 0.109321 -0.424636 0.099072 0.258989 0.186183 -0.251535 0.174076 1
1760 -6 0.677564 -6 0.680441 0.450226 0.109468 -0.445612 0.103991 0.258989 0.186183 -0.251535 0.174076 1
1770 -6 0.673132 -6 0.660668 0.434108 0.118502 -0.418279 0.111515 0.258989 0.186183 -0.251535 0.174076 1
1780 -6 0.657056 -6 0.657031 0.451299 0.096072 -0.436820 0.097592 0.258989 0.186183 -0.251535 0.174076 1
1790 -6 0.657686 -6 0.658527 0.462924 0.102178 -0.443370 0.104334 0.258989 0.186183 -0.251535 0.174076 1
1800 -6 0.657362 -6 0.654953 0.468088 0.101106 -0.463214 0.098829 0.258989 0.186183 -0.251535 0.174076 1
1810 -6 0.653683 -6 0.654209 0.454527 0.116201 -0.452010 0.092296 0.258989 0.186183 -0.251535 0.174076 1
1820 -6 0.655335 -6 0.655374 0.486995 0.111866 -0.458651 0.113686 0.258989 0.186183 -0.251535 0.174076 1
1830 -7 0.654293 -7 0.653284 0.460446 0.111478 -0.445884 0.092137 0.258989 0.186183 -0.251535 0.174076 1
1840 -7 0.656146 -7 0.660652 0.464571 0.104556 -0.450325 0.108048 0.258989 0.186183 -0.251535 0.174076 1
1850 -7 0.657839 -7 0.651719 0.446918 0.097911 -0.444010 0.097153 0.258989 0.186183 -0.251535 0.174076 1
1860 -7 0.652555 -7 0.654055 0.455387 0.114111 -0.438023 0.096326 0.258989 0.186183 -0.251535 0.174076 1
1870 -7 0.653144 -7 0.651833 0.450204 0.116844 -0.425089 0.100991 0.258989 0.186183 -0.251535 0.174076 1
1880 -7 0.653769 -7 0.655653 0.417414 0.107075 -0.407796 0.097515 0.258989 0.186183 -0.251535 0.174076 1
1890 -7 0.654025 -7 0.651011 0.432659 0.112973 -0.425048 0.102660 0.258989 0.186183 -0.251535 0.174076 1
1900 -7 0.651113 -7 0.650449 0.432011 0.103824 -0.429045 0.086627 0.258989 0.186183 -0.251535 0.174076 1
1910 -7 0.650279 -7 0.651094 0.418865 0.122618 -0.415436 0.096119 0.258989 0.186183 -0.251535 0.174076 1
1920 -7 0.652261 -8 0.648869 0.412158 0.106400 -0.404494 0.096616 0.258989 0.186183 -0.251535 0.174076 1
1930 -8 0.646451 -8 0.639418 0.410058 0.098750 -0.398162 0.096410 0.258989 0.186183 -0.251535 0.174076 1
1940 -8 0.639831 -8 0.642028 0.445626 0.108195 -0.429211 0.088504 0.258989 0.186183 -0.251535 0.174076 1
1950 -8 0.642630 -8 0.644097 0.460875 0.116541 -0.455843 0.099425 0.258989 0.186183 -0.251535 0.174076 1
1960 -8 0.645564 -8 0.645800 0.457195 0.110264 -0.417653 0.091904 0.258989 0.186183 -0.251535 0.174076 1
1970 -8 0.641953 -8 0.630360 0.433973 0.113810 -0.419831 0.099655 0.258989 0.186183 -0.251535 0.174076 1
1980 -8 0.633222 -9 0.645927 0.454501 0.114531 -0.430250 0.099686 0.258989 0.186183 -0.251535 0.174076 1
1990 -9 0.646278 -9 0.649476 0.428880 0.107327 -0.431860 0.100558 0.258989 0.186183 -0.251535 0.174076 1
2000 -9 0.650790 -9 0.657387 0.441237 0.108844 -0.420738 0.095782 0.258989 0.186183 -0.251535 0.174076 1
2010 -9 0.655626 -9 0.646225 0.424007 0.116108 -0.419258 0.092124 0.258989 0.186183 -0.251535 0.174076 1
2020 -9 0.647470 -9 0.655151 0.429880 0.103265 -0.423667 0.094039 0.258989 0.186183 -0.251535 0.174076 1
2030 -9 0.654777 -9 0.651547 0.408458 0.104968 -0.401693 0.093694 0.258989 0.186183 -0.251535 0.174076 1
2040 -9 0.651676 -10 0.652271 0.413742 0.105347 -0.411554 0.100573 0.258989 0.186183 -0.251535 0.174076 1
2050 -10 0.652271 -10 0.642108 0.426794 0.120020 -0.414478 0.100693 0.258989 0.186183 -0.251535 0.174076 1
2060 -10 0.642108 -10 0.660376 0.403384 0.109888 -0.388733 0.100855 0.258989 0.186183 -0.251535 0.174076 1
2070 -10 0.660376 -10 0.659083 0.398842 0.105177 -0.388601 0.083082 0.258989 0.186183 -0.251535 0.174076 1
2080 -10 0.659083 -10 0.667023 0.404559 0.107968 -0.392246 0.079457 0.258989 0.186183 -0.251535 0.174076 1
2090 -10 0.667023 -10 0.699735 0.402279 0.087907 -0.386751 0.080166 0.258989 0.186183 -0.251535 0.174076 1
2100 -10 0.699735 -10 0.735614 0.397501 0.102662 -0.374453 0.088664 0.258989 0.186183 -0.251535 0.174076 1
2110 -10 0.735614 -10 0.735500 0.399765 0.087124 -0.389475 0.073183 0.258989 0.186183 -0.251535 0.174076 1
2120 -10 0.735500 -10 0.738417 0.412468 0.109305 -0.388849 0.092652 0.258989 0.186183 -0.251535 0.174076 1
2130 -10 0.738417 -10 0.747384 0.418498 0.092990 -0.393242 0.080334 0.258989 0.186183 -0.251535 0.174076 1
2140 -10 0.747384 -11 0.794521 0.371939 0.093464 -0.351575 0.076062 0.258989 0.186183 -0.251535 0.174076 1
2150 -11 0.790641 -11 0.805359 0.382070 0.105545 -0.369853 0.078803 0.258989 0.186183 -0.251535 0.174076 1
2160 -11 0.805944 -11 0.808565 0.401860 0.093532 -0.374447 0.079401 0.258989 0.186183 -0.251535 0.174076 1
2170 -11 0.807085 -11 0.829967 0.387320 0.095809 -0.361305 0.086402 0.258989 0.186183 -0.251535 0.174076 1
2180 -11 0.827152 -11 0.852673 0.362044 0.099778 -0.338957 0.078018 0.258989 0.186183 -0.251535 0.174076 1
2190 -11 0.848771 -12 0.871675 0.370054 0.093839 -0.355486 0.082748 0.258989 0.186183 -0.251535 0.174076 1
2200 -11 0.870438 -12 0.870179 0.378558 0.098945 -0.355338 0.084722 0.258989 0.186183 -0.251535 0.174076 1
2210 -12 0.870710 -12 0.869737 0.377298 0.093461 -0.355613 0.082939 0.258989 0.186183 -0.251535 0.174076 1
2220 -12 0.869381 -12 0.868182 0.361584 0.097231 -0.343040 0.073881 0.258989 0.186183 -0.251535 0.174076 1
2230 -12 0.869017 -12 0.863550 0.376831 0.093515 -0.357095 0.074950 0.258989 0.186183 -0.251535 0.174076 1
2240 -12 0.863430 -12 0.862147 0.358976 0.106543 -0.336031 0.081004 0.258989 0.186183 -0.251535 0.174076 1
2250 -12 0.862897 -12 0.855844 0.351234 0.093914 -0.340871 0.073159 0.258989 0.186183 -0.251535 0.174076 1
2260 -12 0.862028 -12 0.742587 0.369611 0.106592 -0.338745 0.083828 0.258989 0.186183 -0.251535 0.174076 1
2270 -13 0.773289 -11 0.650345 0.356522 0.087794 -0.352467 0.065277 0.258989 0.186183 -0.251535 0.174076 1
2280 -12 0.661563 -11 0.643513 0.383421 0.099276 -0.362696 0.085382 0.258989 0.186183 -0.251535 0.174076 1
2290 -11 0.643783 -11 0.625396 0.370037 0.100214 -0.344026 0.084198 0.258989 0.186183 -0.251535 0.174076 1
2300 -12 0.633290 -11 0.503191 0.350052 0.110583 -0.335336 0.082632 0.258989 0.186183 -0.251535 0.174076 1
2310 -12 0.521157 -10 0.429377 0.350530 0.119069 -0.332891 0.096474 0.258989 0.186183 -0.251535 0.174076 1
2320 -10 0.429377 -10 0.429050 0.365870 0.107278 -0.341820 0.084290 0.258989 0.186183 -0.251535 0.174076 0
2330 -10 0.429050 -10 0.430164 0.362577 0.108585 -0.338829 0.089637 0.258989 0.186183 -0.251535 0.174076 0
2340 -10 0.430164 -9 0.395265 0.344857 0.108258 -0.323900 0.087184 0.258989 0.186183 -0.251535 0.174076 0
2350 -10 0.393746 -9 0.368411 0.345112 0.106078 -0.328752 0.077862 0.258989 0.186183 -0.251535 0.174076 0
2360 -9 0.368706 -9 0.370553 0.351927 0.106193 -0.333799 0.079717 0.258989 0.186183 -0.251535 0.174076 0
2370 -9 0.369592 -9 0.364352 0.364450 0.106557 -0.341983 0.083296 0.258989 0.186183 -0.251535 0.174076 0
2380 -9 0.364994 -9 0.354825 0.369591 0.107718 -0.335403 0.087835 0.258989 0.186183 -0.251535 0.174076 0
2390 -9 0.352443 -9 0.344548 0.382257 0.119019 -0.351247 0.084132 0.258989 0.186183 -0.251535 0.174076 0
2400 -9 0.344122 -9 0.340516 0.362155 0.091037 -0.332528 0.070093 0.258989 0.186183 -0.251535 0.174076 0
2410 -9 0.340774 -9 0.348178 0.383661 0.088335 -0.371015 0.073862 0.258989 0.186183 -0.251535 0.174076 0
2420 -9 0.348249 -8 0.338422 0.387036 0.092318 -0.357168 0.059741 0.258989 0.186183 -0.251535 0.174076 0
2430 -8 0.338062 -8 0.339668 0.397814 0.082462 -0.373539 0.063537 0.258989 0.186183 -0.251535 0.174076 0
2440 -8 0.339251 -8 0.332944 0.390623 0.085438 -0.374770 0.060598 0.258989 0.186183 -0.251535 0.174076 0
2450 -8 0.330360 -8 0.333910 0.388345 0.084707 -0.367086 0.062599 0.258989 0.186183 -0.251535 0.174076 0
2460 -8 0.334444 -8 0.325765 0.392930 0.085157 -0.377026 0.064826 0.258989 0.186183 -0.251535 0.174076 0
2470 -8 0.327268 -8 0.337946 0.402286 0.085214 -0.377829 0.072111 0.258989 0.186183 -0.251535 0.174076 0
2480 -8 0.339028 -8 0.333497 0.408220 0.085560 -0.378305 0.062642 0.258989 0.186183 -0.251535 0.174076 0
2490 -8 0.327680 -8 0.299085 0.389339 0.081570 -0.361213 0.069120 0.258989 0.186183 -0.251535 0.174076 0
2500 -8 0.291650 -8 0.275028 0.390716 0.090342 -0.360164 0.070513 0.258989 0.186183 -0.251535 0.174076 0
2510 -8 0.274951 -8 0.283915 0.379891 0.097645 -0.368405 0.080287 0.258989 0.186183 -0.251535 0.174076 0
2520 -8 0.287976 -8 0.292575 0.372575 0.103275 -0.366104 0.074718 0.258989 0.186183 -0.251535 0.174076 0
2530 -8 0.292448 -8 0.294694 0.352039 0.093254 -0.355914 0.068997 0.258989 0.186183 -0.251535 0.174076 0
2540 -8 0.293825 -8 0.287532 0.366754 0.088048 -0.348575 0.075052 0.258989 0.186183 -0.251535 0.174076 0
2550 -8 0.286930 -8 0.290202 0.350663 0.098834 -0.342423 0.081043 0.258989 0.186183 -0.251535 0.174076 0
2560 -8 0.291421 -8 0.304598 0.360537 0.093668 -0.347905 0.073486 0.258989 0.186183 -0.251535 0.174076 0
2570 -8 0.314180 -8 0.354878 0.361567 0.096831 -0.349906 0.080962 0.258989 0.186183 -0.251535 0.174076 0
2580 -7 0.362766 -7 0.368349 0.372928 0.082246 -0.356840 0.065698 0.258989 0.186183 -0.251535 0.174076 0
2590 -7 0.368164 -7 0.368401 0.345485 0.086997 -0.340154 0.073662 0.258989 0.186183 -0.251535 0.174076 0
2600 -7 0.370120 -8 0.356549 0.358003 0.087926 -0.350076 0.075455 0.258989 0.186183 -0.251535 0.174076 0
2610 -8 0.353726 -8 0.377743 0.361687 0.086961 -0.357563 0.072116 0.258989 0.186183 -0.251535 0.174076 0
2620 -8 0.386604 -8 0.395838 0.374879 0.102332 -0.360563 0.082354 0.258989 0.186183 -0.251535 0.174076 0
2630 -8 0.395705 -8 0.395841 0.364010 0.081190 -0.362567 0.084792 0.258989 0.186183 -0.251535 0.174076 0
2640 -8 0.395408 -8 0.387583 0.379317 0.082381 -0.359327 0.084911 0.258989 0.186183 -0.251535 0.174076 0
2650 -8 0.386707 -8 0.401044 0.398453 0.092607 -0.369836 0.092430 0.258989 0.186183 -0.251535 0.174076 0
2660 -8 0.404112 -8 0.404605 0.387496 0.094591 -0.382237 0.092382 0.258989 0.186183 -0.251535 0.174076 0
2670 -8 0.406829 -8 0.412385 0.409160 0.097074 -0.390797 0.094892 0.258989 0.186183 -0.251535 0.174076 0
2680 -8 0.411080 -8 0.405458 0.417928 0.097285 -0.401401 0.090856 0.258989 0.186183 -0.251535 0.174076 0
2690 -8 0.407063 -8 0.416271 0.390758 0.100653 -0.391795 0.089507 0.258989 0.186183 -0.251535 0.174076 0
2700 -8 0.416571 -7 0.414053 0.420127 0.107223 -0.402417 0.102375 0.258989 0.186183 -0.251535 0.174076 0
2710 -7 0.414545 -8 0.430979 0.422134 0.101596 -0.403900 0.099721 0.258989 0.186183 -0.251535 0.174076 0
2720 -7 0.438876 -7 0.444138 0.417098 0.115174 -0.403375 0.098305 0.258989 0.186183 -0.251535 0.174076 0
2730 -8 0.443104 -8 0.442357 0.401883 0.115043 -0.392722 0.108223 0.258989 0.186183 -0.251535 0.174076 0
2740 -8 0.441591 -8 0.437833 0.438427 0.109832 -0.422668 0.090200 0.258989 0.186183 -0.251535 0.174076 0
2750 -8 0.437756 -8 0.442561 0.452612 0.106828 -0.433431 0.106544 0.258989 0.186183 -0.251535 0.174076 0
2760 -8 0.443092 -8 0.458933 0.414127 0.110298 -0.416594 0.102320 0.258989 0.186183 -0.251535 0.174076 0
2770 -7 0.466327 -7 0.483073 0.458190 0.107202 -0.426961 0.104917 0.258989 0.186183 -0.251535 0.174076 0
2780 -7 0.483280 -7 0.476812 0.460988 0.117971 -0.444987 0.112414 0.258989 0.186183 -0.251535 0.174076 0
2790 -7 0.475182 -7 0.474845 0.453989 0.101663 -0.442108 0.101584 0.258989 0.186183 -0.251535 0.174076 0
2800 -7 0.474844 -7 0.473409 0.454671 0.102656 -0.440803 0.098530 0.258989 0.186183 -0.251535 0.174076 0
2810 -7 0.475741 -7 0.485781 0.452417 0.100699 -0.445853 0.097167 0.258989 0.186183 -0.251535 0.174076 0
2820 -7 0.489265 -7 0.497154 0.459691 0.104619 -0.451663 0.112281 0.258989 0.186183 -0.251535 0.174076 0
2830 -7 0.501531 -7 0.508583 0.452938 0.127098 -0.439486 0.117954 0.258989 0.186183 -0.251535 0.174076 0
2840 -7 0.508168 -7 0.507047 0.478445 0.109854 -0.469945 0.104107 0.258989 0.186183 -0.251535 0.174076 0
2850 -7 0.509206 -7 0.514950 0.469352 0.101131 -0.453572 0.115667 0.258989 0.186183 -0.251535 0.174076 0
2860 -7 0.516312 -7 0.526983 0.460144 0.115316 -0.463921 0.102079 0.258989 0.186183 -0.251535 0.174076 0
2870 -7 0.534157 -7 0.545648 0.476677 0.107855 -0.481229 0.088838 0.258989 0.186183 -0.251535 0.174076 0
2880 -7 0.548647 -7 0.547312 0.454261 0.113155 -0.459733 0.103806 0.258989 0.186183 -0.251535 0.174076 0
2890 -7 0.544989 -7 0.541295 0.463195 0.111762 -0.462173 0.110131 0.258989 0.186183 -0.251535 0.174076 0
2900 -7 0.539088 -7 0.540380 0.490601 0.096374 -0.497906 0.087928 0.258989 0.186183 -0.251535 0.174076 0
2910 -7 0.544807 -7 0.554012 0.487311 0.096925 -0.488142 0.101739 0.258989 0.186183 -0.251535 0.174076 0
2920 -7 0.556472 -7 0.564646 0.509570 0.088414 -0.497459 0.092895 0.258989 0.186183 -0.251535 0.174076 0
2930 -7 0.571680 -7 0.581052 0.517991 0.077063 -0.523352 0.081969 0.258989 0.186183 -0.251535 0.174076 0
2940 -7 0.579036 -7 0.573278 0.521586 0.081730 -0.523496 0.081522 0.258989 0.186183 -0.251535 0.174076 0
2950 -7 0.573254 -7 0.578178 0.519234 0.089363 -0.522675 0.080853 0.258989 0.186183 -0.251535 0.174076 0
2960 -7 0.580389 -7 0.584559 0.519939 0.078769 -0.521916 0.083722 0.258989 0.186183 -0.251535 0.174076 0
2970 -7 0.590433 -7 0.619255 0.537284 0.085526 -0.542829 0.071737 0.258989 0.186183 -0.251535 0.174076 0
2980 -7 0.633741 -7 0.661392 0.529013 0.078209 -0.527493 0.071751 0.258989 0.186183 -0.251535 0.174076 1
2990 -7 0.665436 -7 0.665654 0.535413 0.078511 -0.546184 0.081501 0.258989 0.186183 -0.251535 0.174076 1
3000 -7 0.665079 -7 0.656267 0.535243 0.077054 -0.522433 0.085761 0.258989 0.186183 -0.251535 0.174076 1
3010 -7 0.650433 -7 0.652949 0.518375 0.091222 -0.524879 0.089351 0.258989 0.186183 -0.251535 0.174076 1
3020 -7 0.660062 -7 0.678826 0.523905 0.092997 -0.518849 0.087488 0.258989 0.186183 -0.251535 0.174076 1
3030 -7 0.684277 -7 0.693360 0.514606 0.084477 -0.511274 0.082445 0.258989 0.186183 -0.251535 0.174076 1
3040 -7 0.697164 -7 0.704741 0.521232 0.092942 -0.521934 0.086336 0.258989 0.186183 -0.251535 0.174076 1
3050 -7 0.709319 -7 0.718183 0.519891 0.099972 -0.516868 0.091090 0.258989 0.186183 -0.251535 0.174076 1
3060 -7 0.720054 -7 0.723014 0.518921 0.091632 -0.519864 0.089803 0.258989 0.186183 -0.251535 0.174076 1
3070 -7 0.722937 -7 0.719682 0.519204 0.100001 -0.511819 0.096397 0.258989 0.186183 -0.251535 0.174076 1
3080 -7 0.717929 -7 0.713241 0.514968 0.092677 -0.515822 0.091177 0.258989 0.186183 -0.251535 0.174076 1
3090 -7 0.714552 -7 0.718516 0.517329 0.089308 -0.515132 0.091467 0.258989 0.186183 -0.251535 0.174076 1
3100 -7 0.719275 -7 0.727996 0.518523 0.095102 -0.517688 0.091284 0.258989 0.186183 -0.251535 0.174076 1
3110 -7 0.734121 -7 0.744927 0.523105 0.095988 -0.522248 0.090676 0.258989 0.186183 -0.251535 0.174076 1
3120 -7 0.746035 -7 0.745398 0.526189 0.081089 -0.526518 0.091629 0.258989 0.186183 -0.251535 0.174076 1
3130 -7 0.745223 -7 0.744651 0.529476 0.077644 -0.524438 0.080225 0.258989 0.186183 -0.251535 0.174076 1
3140 -7 0.744043 -7 0.745130 0.522874 0.089268 -0.523074 0.082488 0.258989 0.186183 -0.251535 0.174076 1
3150 -7 0.746542 -7 0.747817 0.533383 0.086893 -0.523530 0.081632 0.258989 0.186183 -0.251535 0.174076 1
3160 -7 0.746675 -7 0.745568 0.538766 0.080417 -0.537847 0.080882 0.258989 0.186183 -0.251535 0.174076 1
3170 -7 0.745733 -7 0.745449 0.544851 0.086801 -0.544056 0.086950 0.258989 0.186183 -0.251535 0.174076 1
3180 -7 0.744225 -7 0.749685 0.526814 0.096916 -0.522269 0.101654 0.258989 0.186183 -0.251535 0.174076 1
3190 -7 0.751532 -7 0.749057 0.534883 0.093419 -0.527116 0.095997 0.258989 0.186183 -0.251535 0.174076 1
3200 -7 0.745451 -7 0.745897 0.520547 0.096102 -0.529544 0.090489 0.258989 0.186183 -0.251535 0.174076 1
3210 -7 0.747320 -7 0.742595 0.542824 0.087110 -0.545457 0.086949 0.258989 0.186183 -0.251535 0.174076 1
3220 -7 0.737279 -7 0.731235 0.550857 0.096771 -0.549168 0.091924 0.258989 0.186183 -0.251535 0.174076 1
3230 -8 0.731030 -8 0.727955 0.546519 0.081269 -0.549218 0.074400 0.258989 0.186183 -0.251535 0.174076 1
3240 -8 0.725789 -8 0.721120 0.533096 0.093945 -0.534476 0.088307 0.258989 0.186183 -0.251535 0.174076 1
3250 -8 0.721337 -8 0.718649 0.551829 0.087482 -0.547826 0.087024 0.258989 0.186183 -0.251535 0.174076 1
3260 -8 0.717579 -8 0.715504 0.564322 0.081503 -0.563191 0.077538 0.258989 0.186183 -0.251535 0.174076 1
3270 -8 0.714244 -8 0.710734 0.563564 0.086124 -0.561125 0.083824 0.258989 0.186183 -0.251535 0.174076 1
3280 -8 0.710547 -8 0.698444 0.570246 0.087263 -0.570973 0.086477 0.258989 0.186183 -0.251535 0.174076 1
3290 -8 0.692090 -8 0.684555 0.560514 0.075667 -0.557704 0.084197 0.258989 0.186183 -0.251535 0.174076 1
3300 -8 0.687591 -8 0.696121 0.553160 0.086959 -0.540312 0.088049 0.258989 0.186183 -0.251535 0.174076 1
3310 -8 0.695923 -8 0.692621 0.535146 0.087881 -0.537748 0.087688 0.258989 0.186183 -0.251535 0.174076 1
3320 -8 0.691767 -8 0.686153 0.520115 0.085896 -0.517195 0.088028 0.258989 0.186183 -0.251535 0.174076 1
3330 -8 0.684427 -8 0.672037 0.510071 0.090056 -0.516039 0.093335 0.258989 0.186183 -0.251535 0.174076 1
3340 -8 0.669769 -8 0.667779 0.508813 0.093275 -0.506223 0.090992 0.258989 0.186183 -0.251535 0.174076 1
3350 -8 0.668483 -8 0.668296 0.514089 0.091552 -0.509479 0.098193 0.258989 0.186183 -0.251535 0.174076 1
3360 -8 0.668444 -8 0.670053 0.469011 0.105713 -0.468615 0.104780 0.258989 0.186183 -0.251535 0.174076 1
3370 -8 0.668761 -8 0.661028 0.470742 0.099962 -0.462158 0.090233 0.258989 0.186183 -0.251535 0.174076 1
3380 -8 0.658435 -8 0.654041 0.464744 0.111199 -0.465018 0.104842 0.258989 0.186183 -0.251535 0.174076 1
3390 -8 0.653810 -8 0.652960 0.493364 0.095856 -0.475996 0.098121 0.258989 0.186183 -0.251535 0.174076 1
3400 -8 0.651567 -8 0.660090 0.489890 0.100106 -0.485324 0.099675 0.258989 0.186183 -0.251535 0.174076 1
3410 -8 0.662433 -8 0.653443 0.489540 0.109848 -0.481783 0.103501 0.258989 0.186183 -0.251535 0.174076 1
3420 -8 0.649214 -8 0.640465 0.488638 0.110337 -0.483058 0.103845 0.258989 0.186183 -0.251535 0.174076 1
3430 -8 0.638458 -8 0.633934 0.485988 0.112348 -0.485304 0.111115 0.258989 0.186183 -0.251535 0.174076 1
3440 -8 0.634396 -8 0.638177 0.484466 0.092717 -0.479890 0.092336 0.258989 0.186183 -0.251535 0.174076 1
3450 -8 0.638444 -8 0.628741 0.488970 0.101102 -0.485836 0.102739 0.258989 0.186183 -0.251535 0.174076 1
3460 -8 0.626720 -8 0.629016 0.489894 0.118356 -0.480206 0.115878 0.258989 0.186183 -0.251535 0.174076 1
3470 -8 0.627888 -8 0.627946 0.490958 0.099324 -0.491349 0.104520 0.258989 0.186183 -0.251535 0.174076 1
3480 -8 0.630860 -8 0.638773 0.472787 0.109286 -0.468702 0.105874 0.258989 0.186183 -0.251535 0.174076 1
3490 -8 0.637658 -8 0.626156 0.479000 0.109914 -0.481090 0.104183 0.258989 0.186183 -0.251535 0.174076 1
3500 -8 0.624799 -8 0.626165 0.489156 0.114299 -0.493724 0.106117 0.258989 0.186183 -0.251535 0.174076 1
3510 -8 0.626158 -8 0.620833 0.488698 0.112817 -0.480512 0.107020 0.258989 0.186183 -0.251535 0.174076 1
3520 -8 0.619085 -8 0.623411 0.471359 0.107023 -0.460659 0.104046 0.258989 0.186183 -0.251535 0.174076 1
3530 -8 0.624614 -8 0.624010 0.455460 0.103338 -0.458554 0.105217 0.258989 0.186183 -0.251535 0.174076 1
3540 -8 0.624198 -8 0.623428 0.477146 0.111207 -0.477445 0.112904 0.258989 0.186183 -0.251535 0.174076 1
3550 -8 0.623741 -8 0.626789 0.461088 0.101777 -0.455899 0.094209 0.258989 0.186183 -0.251535 0.174076 1
3560 -8 0.628468 -8 0.624022 0.459257 0.100338 -0.464555 0.099909 0.258989 0.186183 -0.251535 0.174076 1
3570 -9 0.621584 -9 0.612845 0.440955 0.100294 -0.435326 0.099945 0.258989 0.186183 -0.251535 0.174076 1
3580 -9 0.613274 -9 0.618116 0.464389 0.102696 -0.458484 0.093135 0.258989 0.186183 -0.251535 0.174076 1
3590 -9 0.618143 -9 0.612661 0.427303 0.103804 -0.439312 0.106645 0.258989 0.186183 -0.251535 0.174076 1
3600 -9 0.611898 -9 0.612319 0.429504 0.111451 -0.431920 0.106456 0.258989 0.186183 -0.251535 0.174076 1
3610 -9 0.612318 -9 0.606912 0.459378 0.111071 -0.451683 0.098185 0.258989 0.186183 -0.251535 0.174076 1
3620 -9 0.606221 -9 0.607155 0.453728 0.108006 -0.447523 0.105325 0.258989 0.186183 -0.251535 0.174076 1
3630 -9 0.607390 -9 0.607223 0.468348 0.106776 -0.470093 0.107259 0.258989 0.186183 -0.251535 0.174076 1
3640 -9 0.607507 -9 0.606894 0.465097 0.109311 -0.459283 0.113578 0.258989 0.186183 -0.251535 0.174076 1
3650 -9 0.605976 -9 0.591943 0.479645 0.114657 -0.475975 0.117546 0.258989 0.186183 -0.251535 0.174076 1
3660 -9 0.591488 -10 0.589851 0.467184 0.115661 -0.470914 0.117041 0.258989 0.186183 -0.251535 0.174076 1
3670 -10 0.589851 -10 0.581023 0.500807 0.123341 -0.498089 0.115224 0.258989 0.186183 -0.251535 0.174076 0
3680 -10 0.581023 -10 0.583929 0.485602 0.118152 -0.474723 0.115573 0.258989 0.186183 -0.251535 0.174076 0
3690 -10 0.583929 -10 0.584799 0.489221 0.124685 -0.481724 0.125469 0.258989 0.186183 -0.251535 0.174076 0
3700 -10 0.584799 -10 0.585757 0.476759 0.120325 -0.476606 0.115586 0.258989 0.186183 -0.251535 0.174076 0
3710 -10 0.585757 -10 0.569895 0.447720 0.112835 -0.449601 0.110060 0.258989 0.186183 -0.251535 0.174076 1
3720 -10 0.569895 -10 0.570674 0.476376 0.110875 -0.484417 0.111253 0.258989 0.186183 -0.251535 0.174076 0
3730 -10 0.570674 -10 0.575308 0.471925 0.114640 -0.466081 0.111604 0.258989 0.186183 -0.251535 0.174076 0
3740 -10 0.575308 -11 0.589339 0.479123 0.115430 -0.485623 0.105049 0.258989 0.186183 -0.251535 0.174076 0
3750 -11 0.589139 -11 0.578687 0.449134 0.121237 -0.451333 0.108671 0.258989 0.186183 -0.251535 0.174076 1
3760 -11 0.580515 -11 0.567864 0.464594 0.108969 -0.469480 0.108406 0.258989 0.186183 -0.251535 0.174076 1
3770 -11 0.568694 -11 0.560609 0.456308 0.105559 -0.460270 0.102340 0.258989 0.186183 -0.251535 0.174076 1
3780 -11 0.559441 -11 0.583830 0.439271 0.114391 -0.441512 0.111993 0.258989 0.186183 -0.251535 0.174076 1
3790 -11 0.582825 -11 0.583208 0.454107 0.106461 -0.451704 0.112293 0.258989 0.186183 -0.251535 0.174076 1
3800 -12 0.583655 -11 0.590646 0.459708 0.098444 -0.458769 0.116214 0.258989 0.186183 -0.251535 0.174076 1
3810 -11 0.588920 -11 0.592373 0.467590 0.097473 -0.463978 0.084165 0.258989 0.186183 -0.251535 0.174076 1
3820 -11 0.592639 -11 0.600191 0.454150 0.093233 -0.444585 0.104618 0.258989 0.186183 -0.251535 0.174076 1
3830 -11 0.600038 -11 0.597584 0.465575 0.093978 -0.454295 0.099186 0.258989 0.186183 -0.251535 0.174076 1
3840 -11 0.597305 -12 0.607649 0.484928 0.095140 -0.472898 0.089091 0.258989 0.186183 -0.251535 0.174076 1
3850 -11 0.606445 -12 0.599792 0.484316 0.105421 -0.478396 0.104826 0.258989 0.186183 -0.251535 0.174076 1
3860 -12 0.601733 -12 0.612061 0.506828 0.095514 -0.505315 0.111013 0.258989 0.186183 -0.251535 0.174076 1
3870 -12 0.608695 -12 0.616137 0.484022 0.106471 -0.489709 0.103971 0.258989 0.186183 -0.251535 0.174076 1
3880 -12 0.615924 -12 0.622265 0.480880 0.093776 -0.494800 0.099483 0.258989 0.186183 -0.251535 0.174076 1
3890 -12 0.621874 -12 0.618852 0.510361 0.108974 -0.502767 0.106267 0.258989 0.186183 -0.251535 0.174076 1
3900 -12 0.618816 -13 0.643035 0.511766 0.098382 -0.515426 0.102868 0.258989 0.186183 -0.251535 0.174076 1
3910 -12 0.632282 -13 0.660556 0.501338 0.097579 -0.502494 0.098551 0.258989 0.186183 -0.251535 0.174076 1
3920 -13 0.659993 -13 0.663306 0.493738 0.099983 -0.484291 0.098774 0.258989 0.186183 -0.251535 0.174076 1
3930 -13 0.662703 -13 0.662439 0.485534 0.102799 -0.483316 0.111347 0.258989 0.186183 -0.251535 0.174076 1
3940 -13 0.661227 -13 0.697851 0.477625 0.087352 -0.481863 0.092582 0.258989 0.186183 -0.251535 0.174076 1
3950 -13 0.685135 -13 0.707665 0.453381 0.092042 -0.455995 0.092330 0.258989 0.186183 -0.251535 0.174076 1
3960 -13 0.708422 -13 0.709179 0.428338 0.090054 -0.439876 0.088649 0.258989 0.186183 -0.251535 0.174076 1
3970 -13 0.707272 -13 0.709064 0.446695 0.105526 -0.444634 0.108461 0.258989 0.186183 -0.251535 0.174076 1
3980 -13 0.711470 -14 0.716201 0.436594 0.104000 -0.437837 0.104755 0.258989 0.186183 -0.251535 0.174076 1
3990 -13 0.706903 -14 0.742418 0.453964 0.100814 -0.450030 0.099105 0.258989 0.186183 -0.251535 0.174076 1
4000 -14 0.736920 -14 0.737761 0.456388 0.096046 -0.448220 0.099591 0.258989 0.186183 -0.251535 0.174076 1
4010 -14 0.740055 -14 0.749993 0.471365 0.118308 -0.463862 0.109081 0.258989 0.186183 -0.251535 0.174076 1
4020 -14 0.738384 -13 0.769069 0.496525 0.108452 -0.491775 0.102895 0.258989 0.186183 -0.251535 0.174076 1
4030 -13 0.766464 -13 0.773987 0.486083 0.118369 -0.481704 0.124306 0.258989 0.186183 -0.251535 0.174076 1
4040 -13 0.773244 -13 0.770600 0.484003 0.112492 -0.477705 0.114881 0.258989 0.186183 -0.251535 0.174076 1
4050 -13 0.773046 -14 0.772590 0.478580 0.107536 -0.481745 0.116052 0.258989 0.186183 -0.251535 0.174076 1
4060 -13 0.769696 -14 0.780934 0.485270 0.112491 -0.488062 0.107991 0.258989 0.186183 -0.251535 0.174076 1
4070 -13 0.777842 -13 0.779545 0.475596 0.122215 -0.484182 0.125624 0.258989 0.186183 -0.251535 0.174076 1
4080 -14 0.781374 -13 0.783821 0.511303 0.127999 -0.493610 0.133620 0.258989 0.186183 -0.251535 0.174076 1
4090 -13 0.780452 -13 0.772767 0.498942 0.109020 -0.498320 0.112045 0.258989 0.186183 -0.251535 0.174076 1
4100 -13 0.780793 -13 0.767056 0.505972 0.110804 -0.510726 0.115197 0.258989 0.186183 -0.251535 0.174076 1
4110 -13 0.766519 -13 0.767573 0.514129 0.117281 -0.512001 0.110844 0.258989 0.186183 -0.251535 0.174076 1
4120 -13 0.767968 -13 0.764654 0.495018 0.129392 -0.493667 0.125469 0.258989 0.186183 -0.251535 0.174076 1
4130 -13 0.765550 -14 0.758626 0.474819 0.117540 -0.468509 0.125427 0.258989 0.186183 -0.251535 0.174076 1
4140 -14 0.758520 -14 0.760473 0.493739 0.111745 -0.493730 0.112069 0.258989 0.186183 -0.251535 0.174076 1
4150 -14 0.762663 -14 0.752548 0.484354 0.115743 -0.480501 0.114127 0.258989 0.186183 -0.251535 0.174076 1
4160 -14 0.753619 -14 0.753369 0.461778 0.112531 -0.466967 0.115300 0.258989 0.186183 -0.251535 0.174076 1
4170 -14 0.752379 -14 0.757798 0.440954 0.103751 -0.449173 0.103236 0.258989 0.186183 -0.251535 0.174076 1
4180 -14 0.756110 -14 0.751071 0.495013 0.114728 -0.497322 0.119439 0.258989 0.186183 -0.251535 0.174076 1
4190 -14 0.756477 -14 0.741589 0.461873 0.121390 -0.460494 0.121573 0.258989 0.186183 -0.251535 0.174076 1
4200 -14 0.743310 -14 0.742925 0.483883 0.114591 -0.487595 0.107328 0.258989 0.186183 -0.251535 0.174076 1
4210 -14 0.742579 -14 0.739591 0.471874 0.119738 -0.472329 0.114204 0.258989 0.186183 -0.251535 0.174076 1
4220 -14 0.740346 -14 0.740006 0.507889 0.110187 -0.509501 0.115542 0.258989 0.186183 -0.251535 0.174076 1
4230 -14 0.739763 -14 0.730532 0.500487 0.118506 -0.497803 0.119630 0.258989 0.186183 -0.251535 0.174076 1
4240 -14 0.738771 -15 0.723437 0.489231 0.118545 -0.492269 0.121060 0.258989 0.186183 -0.251535 0.174076 1
4250 -14 0.718344 -15 0.731222 0.504574 0.110825 -0.501167 0.107653 0.258989 0.186183 -0.251535 0.174076 1
4260 -15 0.730108 -15 0.748429 0.496199 0.108581 -0.492292 0.114440 0.258989 0.186183 -0.251535 0.174076 1
4270 -15 0.737037 -15 0.760723 0.499121 0.115696 -0.500065 0.115008 0.258989 0.186183 -0.251535 0.174076 1
4280 -15 0.759003 -15 0.755320 0.532616 0.129641 -0.534289 0.121587 0.258989 0.186183 -0.251535 0.174076 1
4290 -15 0.759998 -15 0.748690 0.517805 0.111402 -0.516987 0.110741 0.258989 0.186183 -0.251535 0.174076 1
4300 -15 0.748392 -15 0.751529 0.517808 0.120284 -0.522414 0.131741 0.258989 0.186183 -0.251535 0.174076 1
4310 -15 0.753321 -15 0.752288 0.557940 0.122999 -0.548507 0.125693 0.258989 0.186183 -0.251535 0.174076 1
4320 -15 0.749346 -15 0.755701 0.529993 0.133328 -0.525439 0.130873 0.258989 0.186183 -0.251535 0.174076 1
4330 -15 0.754538 -16 0.754779 0.560343 0.141160 -0.560930 0.130536 0.258989 0.186183 -0.251535 0.174076 1
4340 -15 0.756037 -16 0.759827 0.562861 0.138566 -0.551309 0.140988 0.258989 0.186183 -0.251535 0.174076 1
4350 -16 0.754831 -16 0.760886 0.553461 0.138832 -0.556171 0.145474 0.258989 0.186183 -0.251535 0.174076 1
4360 -16 0.762565 -16 0.760941 0.567343 0.143281 -0.563790 0.144541 0.258989 0.186183 -0.251535 0.174076 1
4370 -16 0.759298 -16 0.760370 0.565840 0.125425 -0.562905 0.126070 0.258989 0.186183 -0.251535 0.174076 1
4380 -16 0.760896 -16 0.761711 0.556526 0.135972 -0.553234 0.133534 0.258989 0.186183 -0.251535 0.174076 1
4390 -16 0.761575 -16 0.767801 0.563763 0.140863 -0.555339 0.135438 0.258989 0.186183 -0.251535 0.174076 1
4400 -16 0.762266 -16 0.778917 0.586195 0.123578 -0.572974 0.123989 0.258989 0.186183 -0.251535 0.174076 1
4410 -16 0.774214 -16 0.778474 0.550261 0.150665 -0.549893 0.145759 0.258989 0.186183 -0.251535 0.174076 1
4420 -16 0.778742 -16 0.772294 0.573023 0.149801 -0.567148 0.151288 0.258989 0.186183 -0.251535 0.174076 1
4430 -16 0.775401 -16 0.773404 0.590004 0.125767 -0.590910 0.121054 0.258989 0.186183 -0.251535 0.174076 1
4440 -16 0.772141 -16 0.771536 0.580669 0.144538 -0.586462 0.137206 0.258989 0.186183 -0.251535 0.174076 1
4450 -16 0.773293 -16 0.772255 0.565175 0.147551 -0.552743 0.143031 0.258989 0.186183 -0.251535 0.174076 1
4460 -16 0.770813 -16 0.766351 0.557886 0.145517 -0.557023 0.139399 0.258989 0.186183 -0.251535 0.174076 1
4470 -16 0.767888 -16 0.765147 0.549410 0.144317 -0.553838 0.145510 0.258989 0.186183 -0.251535 0.174076 1
4480 -16 0.766158 -16 0.772643 0.571441 0.137190 -0.575282 0.143663 0.258989 0.186183 -0.251535 0.174076 1
4490 -16 0.767375 -16 0.771878 0.585306 0.140823 -0.584101 0.132958 0.258989 0.186183 -0.251535 0.174076 1
4500 -16 0.774903 -16 0.769599 0.566577 0.129125 -0.567723 0.126891 0.258989 0.186183 -0.251535 0.174076 1
4510 -16 0.767590 -16 0.777698 0.556885 0.135783 -0.545442 0.142202 0.258989 0.186183 -0.251535 0.174076 1
4520 -16 0.775220 -16 0.776748 0.545452 0.148747 -0.540514 0.138428 0.258989 0.186183 -0.251535 0.174076 1
4530 -16 0.776611 -16 0.779961 0.544050 0.150944 -0.541664 0.145676 0.258989 0.186183 -0.251535 0.174076 1
4540 -16 0.777641 -16 0.777798 0.573291 0.117421 -0.571192 0.124627 0.258989 0.186183 -0.251535 0.174076 1
4550 -16 0.780818 -16 0.748806 0.566253 0.113051 -0.566506 0.111548 0.258989 0.186183 -0.251535 0.174076 1
4560 -16 0.769450 -16 0.743151 0.540654 0.117760 -0.543781 0.112491 0.258989 0.186183 -0.251535 0.174076 1
4570 -16 0.742843 -17 0.748280 0.597809 0.122051 -0.586188 0.120927 0.258989 0.186183 -0.251535 0.174076 1
4580 -16 0.745582 -17 0.751608 0.568976 0.130812 -0.561827 0.133731 0.258989 0.186183 -0.251535 0.174076 1
4590 -17 0.749088 -16 0.753207 0.580564 0.142919 -0.580800 0.132000 0.258989 0.186183 -0.251535 0.174076 1
4600 -17 0.752614 -17 0.754323 0.592876 0.133221 -0.576982 0.137480 0.258989 0.186183 -0.251535 0.174076 1
4610 -16 0.753635 -16 0.763138 0.591641 0.120395 -0.599135 0.122640 0.258989 0.186183 -0.251535 0.174076 1
4620 -16 0.757505 -17 0.764542 0.577358 0.130677 -0.577013 0.136332 0.258989 0.186183 -0.251535 0.174076 1
4630 -16 0.763583 -17 0.769442 0.589807 0.135258 -0.584747 0.125213 0.258989 0.186183 -0.251535 0.174076 1
4640 -16 0.766619 -17 0.769317 0.601337 0.119363 -0.601630 0.119570 0.258989 0.186183 -0.251535 0.174076 1
4650 -17 0.769357 -17 0.769938 0.603685 0.130023 -0.603527 0.127176 0.258989 0.186183 -0.251535 0.174076 1
4660 -17 0.768682 -17 0.778716 0.616737 0.118339 -0.612854 0.113940 0.258989 0.186183 -0.251535 0.174076 1
4670 -16 0.773252 -17 0.782983 0.648646 0.106059 -0.628836 0.107312 0.258989 0.186183 -0.251535 0.174076 1
4680 -17 0.780720 -17 0.784988 0.640531 0.106424 -0.634490 0.098265 0.258989 0.186183 -0.251535 0.174076 1
4690 -17 0.783792 -17 0.791424 0.636564 0.127684 -0.634108 0.107947 0.258989 0.186183 -0.251535 0.174076 1
4700 -17 0.786404 -17 0.794474 0.627098 0.122063 -0.612773 0.112320 0.258989 0.186183 -0.251535 0.174076 1
4710 -17 0.793622 -17 0.790476 0.666869 0.130070 -0.663543 0.121038 0.258989 0.186183 -0.251535 0.174076 0
4720 -17 0.792753 -17 0.798240 0.644230 0.123289 -0.640298 0.115798 0.258989 0.186183 -0.251535 0.174076 1
4730 -17 0.792531 -17 0.800825 0.652590 0.116311 -0.641071 0.116859 0.258989 0.186183 -0.251535 0.174076 1
4740 -17 0.799287 -17 0.803207 0.623312 0.122794 -0.612873 0.110081 0.258989 0.186183 -0.251535 0.174076 1
4750 -17 0.800950 -17 0.806211 0.627255 0.117040 -0.612079 0.120273 0.258989 0.186183 -0.251535 0.174076 1
4760 -17 0.804688 -17 0.791350 0.604852 0.128901 -0.595574 0.121933 0.258989 0.186183 -0.251535 0.174076 1
4770 -17 0.805768 -18 0.792254 0.598642 0.142600 -0.583944 0.136239 0.258989 0.186183 -0.251535 0.174076 1
4780 -17 0.785406 -18 0.798954 0.604923 0.113275 -0.587789 0.108667 0.258989 0.186183 -0.251535 0.174076 1
4790 -18 0.793913 -18 0.800393 0.606361 0.118149 -0.583187 0.119600 0.258989 0.186183 -0.251535 0.174076 1
4800 -18 0.799269 -18 0.801093 0.556174 0.139833 -0.543046 0.140303 0.258989 0.186183 -0.251535 0.174076 1
4810 -18 0.800785 -18 0.803470 0.548380 0.136797 -0.531157 0.124780 0.258989 0.186183 -0.251535 0.174076 1
4820 -18 0.801401 -18 0.815425 0.555060 0.130564 -0.542414 0.123849 0.258989 0.186183 -0.251535 0.174076 1
4830 -18 0.805141 -18 0.812763 0.576238 0.117431 -0.547486 0.120777 0.258989 0.186183 -0.251535 0.174076 1
4840 -18 0.816391 -18 0.812682 0.533977 0.120207 -0.515599 0.112604 0.258989 0.186183 -0.251535 0.174076 1
4850 -18 0.811984 -18 0.813992 0.561185 0.114739 -0.541058 0.111356 0.258989 0.186183 -0.251535 0.174076 1
4860 -18 0.813039 -18 0.813502 0.557401 0.110222 -0.538638 0.107147 0.258989 0.186183 -0.251535 0.174076 1
4870 -18 0.814173 -18 0.809462 0.546816 0.113821 -0.531677 0.102078 0.258989 0.186183 -0.251535 0.174076 1
4880 -18 0.812824 -18 0.819911 0.553467 0.115366 -0.541222 0.105332 0.258989 0.186183 -0.251535 0.174076 1
4890 -18 0.808532 -18 0.830346 0.569238 0.127856 -0.545939 0.101654 0.258989 0.186183 -0.251535 0.174076 1
4900 -18 0.824104 -18 0.827691 0.558348 0.109745 -0.539747 0.103414 0.258989 0.186183 -0.251535 0.174076 1
4910 -18 0.829888 -18 0.828380 0.568982 0.111415 -0.560243 0.102895 0.258989 0.186183 -0.251535 0.174076 1
4920 -18 0.827594 -18 0.829221 0.558127 0.119175 -0.540691 0.109386 0.258989 0.186183 -0.251535 0.174076 1
4930 -18 0.828739 -19 0.823993 0.564637 0.117138 -0.543859 0.108219 0.258989 0.186183 -0.251535 0.174076 1
4940 -19 0.829021 -19 0.833729 0.544151 0.125748 -0.531680 0.105687 0.258989 0.186183 -0.251535 0.174076 1
4950 -19 0.823195 -19 0.838778 0.547893 0.114035 -0.526162 0.106746 0.258989 0.186183 -0.251535 0.174076 1
4960 -19 0.835368 -19 0.827599 0.536833 0.141425 -0.519336 0.128491 0.258989 0.186183 -0.251535 0.174076 1
4970 -19 0.837701 -19 0.829028 0.535926 0.126936 -0.522759 0.110933 0.258989 0.186183 -0.251535 0.174076 1
4980 -19 0.827130 -19 0.831786 0.551880 0.113433 -0.520199 0.107238 0.258989 0.186183 -0.251535 0.174076 1
4990 -19 0.829745 -19 0.831804 0.547153 0.123703 -0.527860 0.114088 0.258989 0.186183 -0.251535 0.174076 1
5000 -19 0.831910 -19 0.831965 0.518750 0.125577 -0.506833 0.113810 0.258989 0.186183 -0.251535 0.174076 1
5010 -19 0.831646 -19 0.831380 0.556313 0.126486 -0.529213 0.116194 0.258989 0.186183 -0.251535 0.174076 1
5020 -19 0.832307 -19 0.815314 0.528851 0.134456 -0.508575 0.123780 0.258989 0.186183 -0.251535 0.174076 1
5030 -19 0.829831 -20 0.799429 0.555385 0.130095 -0.524386 0.119224 0.258989 0.186183 -0.251535 0.174076 1
5040 -20 0.815115 -20 0.794810 0.542056 0.117647 -0.524131 0.108942 0.258989 0.186183 -0.251535 0.174076 1
5050 -20 0.799429 -20 0.797078 0.571737 0.125233 -0.545620 0.110720 0.258989 0.186183 -0.251535 0.174076 1
5060 -20 0.794810 -20 0.798107 0.557556 0.129915 -0.527278 0.121167 0.258989 0.186183 -0.251535 0.174076 1
5070 -20 0.797078 -20 0.795658 0.529346 0.109409 -0.512800 0.100482 0.258989 0.186183 -0.251535 0.174076 1
5080 -20 0.798107 -20 0.802457 0.516011 0.111886 -0.505088 0.102633 0.258989 0.186183 -0.251535 0.174076 1
5090 -20 0.795658 -20 0.800395 0.523491 0.109972 -0.507014 0.109638 0.258989 0.186183 -0.251535 0.174076 1
5100 -20 0.802457 -20 0.794772 0.543092 0.103138 -0.524055 0.089686 0.258989 0.186183 -0.251535 0.174076 1
5110 -20 0.800395 -20 0.793728 0.540057 0.130563 -0.521749 0.113813 0.258989 0.186183 -0.251535 0.174076 1
5120 -20 0.794772 -20 0.792265 0.516738 0.119704 -0.508454 0.115168 0.258989 0.186183 -0.251535 0.174076 1
5130 -20 0.793728 -20 0.794873 0.516937 0.118012 -0.500544 0.108688 0.258989 0.186183 -0.251535 0.174076 1
5140 -20 0.792265 -21 0.796178 0.514831 0.113103 -0.503097 0.106428 0.258989 0.186183 -0.251535 0.174076 1
5150 -20 0.794873 -21 0.792099 0.519818 0.116452 -0.506868 0.106779 0.258989 0.186183 -0.251535 0.174076 1
5160 -21 0.796828 -21 0.790906 0.517015 0.122807 -0.502613 0.120694 0.258989 0.186183 -0.251535 0.174076 1
5170 -21 0.792459 -21 0.786994 0.524645 0.119505 -0.511906 0.116198 0.258989 0.186183 -0.251535 0.174076 1
5180 -21 0.790917 -21 0.794156 0.533709 0.127299 -0.527212 0.117772 0.258989 0.186183 -0.251535 0.174076 1
5190 -21 0.787698 -21 0.802673 0.536577 0.131265 -0.516079 0.127603 0.258989 0.186183 -0.251535 0.174076 1
5200 -21 0.792641 -21 0.805163 0.526191 0.111036 -0.519900 0.107316 0.258989 0.186183 -0.251535 0.174076 1
5210 -21 0.802386 -21 0.808643 0.552463 0.134243 -0.531462 0.129159 0.258989 0.186183 -0.251535 0.174076 1
5220 -21 0.804490 -22 0.797082 0.547742 0.125580 -0.531995 0.121973 0.258989 0.186183 -0.251535 0.174076 1
5230 -21 0.808755 -22 0.796574 0.560719 0.131110 -0.536002 0.116462 0.258989 0.186183 -0.251535 0.174076 1
5240 -22 0.799147 -22 0.800755 0.538084 0.113949 -0.529667 0.109531 0.258989 0.186183 -0.251535 0.174076 1
5250 -22 0.794649 -22 0.795840 0.506765 0.125257 -0.495057 0.121065 0.258989 0.186183 -0.251535 0.174076 1
5260 -22 0.802076 -22 0.801499 0.523522 0.124851 -0.504369 0.109654 0.258989 0.186183 -0.251535 0.174076 1
5270 -22 0.794726 -22 0.799917 0.519404 0.126710 -0.508240 0.113374 0.258989 0.186183 -0.251535 0.174076 1
5280 -22 0.801333 -22 0.799693 0.525074 0.112091 -0.512185 0.103594 0.258989 0.186183 -0.251535 0.174076 1
5290 -22 0.800227 -23 0.801382 0.505208 0.106605 -0.506890 0.111099 0.258989 0.186183 -0.251535 0.174076 1
5300 -22 0.799372 -23 0.803429 0.535676 0.122137 -0.517780 0.120590 0.258989 0.186183 -0.251535 0.174076 1
5310 -23 0.801408 -23 0.809153 0.526191 0.119151 -0.504926 0.108168 0.258989 0.186183 -0.251535 0.174076 1
5320 -23 0.802463 -23 0.806457 0.540854 0.128954 -0.516231 0.118096 0.258989 0.186183 -0.251535 0.174076 1
5330 -23 0.807613 -23 0.803721 0.514667 0.111650 -0.504295 0.115356 0.258989 0.186183 -0.251535 0.174076 1
5340 -23 0.807666 -23 0.799457 0.543108 0.112263 -0.534504 0.110141 0.258989 0.186183 -0.251535 0.174076 1
5350 -23 0.804894 -23 0.800770 0.565308 0.126251 -0.543350 0.121321 0.258989 0.186183 -0.251535 0.174076 1
5360 -23 0.799803 -23 0.802050 0.550317 0.120492 -0.520803 0.111008 0.258989 0.186183 -0.251535 0.174076 1
5370 -23 0.800328 -23 0.801032 0.524057 0.124116 -0.519017 0.118358 0.258989 0.186183 -0.251535 0.174076 1
5380 -23 0.801474 -23 0.805678 0.528661 0.118515 -0.509423 0.111086 0.258989 0.186183 -0.251535 0.174076 1
5390 -23 0.800720 -24 0.808232 0.559006 0.122174 -0.541719 0.117437 0.258989 0.186183 -0.251535 0.174076 1
5400 -23 0.804668 -24 0.801562 0.536811 0.124168 -0.515548 0.114262 0.258989 0.186183 -0.251535 0.174076 1
5410 -23 0.808066 -24 0.803743 0.526133 0.110326 -0.514497 0.112519 0.258989 0.186183 -0.251535 0.174076 1
5420 -24 0.803147 -24 0.811963 0.505361 0.107291 -0.501800 0.102666 0.258989 0.186183 -0.251535 0.174076 1
5430 -24 0.801290 -24 0.815490 0.521029 0.110514 -0.503739 0.097009 0.258989 0.186183 -0.251535 0.174076 1
5440 -24 0.809713 -24 0.818324 0.518782 0.109388 -0.504183 0.104873 0.258989 0.186183 -0.251535 0.174076 1
5450 -24 0.815104 -25 0.830832 0.535938 0.117628 -0.517843 0.114493 0.258989 0.186183 -0.251535 0.174076 1
5460 -24 0.815098 -25 0.834364 0.541769 0.100936 -0.528390 0.103353 0.258989 0.186183 -0.251535 0.174076 1
5470 -24 0.825601 -25 0.824050 0.544460 0.102585 -0.528555 0.089648 0.258989 0.186183 -0.251535 0.174076 1
5480 -25 0.834730 -25 0.821496 0.542138 0.095039 -0.523213 0.079479 0.258989 0.186183 -0.251535 0.174076 1
5490 -25 0.830814 -25 0.821131 0.578726 0.107681 -0.557631 0.086057 0.258989 0.186183 -0.251535 0.174076 1
5500 -25 0.821677 -25 0.825591 0.589791 0.079422 -0.570755 0.083672 0.258989 0.186183 -0.251535 0.174076 1
5510 -25 0.821243 -25 0.825837 0.582527 0.094223 -0.566827 0.089869 0.258989 0.186183 -0.251535 0.174076 1
5520 -25 0.822746 -26 0.830670 0.591135 0.097758 -0.559183 0.089058 0.258989 0.186183 -0.251535 0.174076 1
5530 -25 0.827160 -26 0.832514 0.602697 0.087829 -0.572787 0.085232 0.258989 0.186183 -0.251535 0.174076 1
5540 -25 0.826843 -26 0.831730 0.583357 0.092036 -0.565591 0.089502 0.258989 0.186183 -0.251535 0.174076 1
5550 -26 0.832246 -26 0.825710 0.590415 0.099826 -0.564745 0.097150 0.258989 0.186183 -0.251535 0.174076 1
5560 -26 0.832548 -26 0.819064 0.575814 0.094387 -0.563328 0.086252 0.258989 0.186183 -0.251535 0.174076 1
5570 -26 0.830980 -26 0.820330 0.576206 0.077386 -0.554962 0.080757 0.258989 0.186183 -0.251535 0.174076 1
5580 -26 0.822541 -26 0.822937 0.583918 0.086844 -0.559640 0.078918 0.258989 0.186183 -0.251535 0.174076 1
5590 -26 0.817734 -26 0.826173 0.578468 0.093992 -0.560881 0.073804 0.258989 0.186183 -0.251535 0.174076 1
5600 -26 0.822331 -26 0.813998 0.589686 0.097253 -0.563156 0.092468 0.258989 0.186183 -0.251535 0.174076 1
5610 -26 0.824232 -27 0.823199 0.582449 0.085938 -0.558239 0.086632 0.258989 0.186183 -0.251535 0.174076 1
5620 -26 0.821207 -27 0.823450 0.600609 0.091623 -0.575106 0.080553 0.258989 0.186183 -0.251535 0.174076 1
5630 -26 0.816397 -28 0.847094 0.618876 0.081125 -0.594637 0.065097 0.258989 0.186183 -0.251535 0.174076 1
5640 -27 0.822053 -28 0.853798 0.627973 0.080697 -0.604234 0.066364 0.258989 0.186183 -0.251535 0.174076 1
5650 -27 0.829466 -28 0.855109 0.650090 0.082681 -0.613600 0.073529 0.258989 0.186183 -0.251535 0.174076 1
5660 -28 0.849404 -28 0.856570 0.655567 0.075727 -0.623239 0.061672 0.258989 0.186183 -0.251535 0.174076 1
5670 -28 0.854418 -28 0.848280 0.658630 0.074859 -0.619729 0.070791 0.258989 0.186183 -0.251535 0.174076 1
5680 -28 0.854914 -28 0.830773 0.669519 0.079246 -0.629366 0.064660 0.258989 0.186183 -0.251535 0.174076 1
5690 -28 0.857243 -29 0.833076 0.680355 0.068334 -0.650161 0.067691 0.258989 0.186183 -0.251535 0.174076 1
5700 -28 0.844193 -29 0.832093 0.664645 0.073289 -0.635842 0.061589 0.258989 0.186183 -0.251535 0.174076 1
5710 -28 0.830428 -29 0.831506 0.675887 0.078112 -0.633916 0.069318 0.258989 0.186183 -0.251535 0.174076 1
5720 -29 0.833107 -29 0.838560 0.673535 0.070315 -0.637199 0.064239 0.258989 0.186183 -0.251535 0.174076 1
5730 -29 0.831908 -29 0.834540 0.675053 0.079404 -0.636982 0.072302 0.258989 0.186183 -0.251535 0.174076 1
5740 -29 0.832097 -29 0.837106 0.680651 0.068442 -0.644771 0.069581 0.258989 0.186183 -0.251535 0.174076 1
5750 -29 0.838702 -29 0.840819 0.669433 0.073807 -0.638823 0.067652 0.258989 0.186183 -0.251535 0.174076 1
5760 -29 0.833676 -29 0.837976 0.684128 0.073734 -0.643346 0.066344 0.258989 0.186183 -0.251535 0.174076 1
5770 -29 0.838317 -29 0.835533 0.668191 0.070529 -0.632777 0.062882 0.258989 0.186183 -0.251535 0.174076 1
5780 -29 0.840814 -29 0.835661 0.678211 0.075959 -0.637907 0.060497 0.258989 0.186183 -0.251535 0.174076 1
5790 -29 0.837822 -29 0.843289 0.681854 0.069081 -0.631566 0.064936 0.258989 0.186183 -0.251535 0.174076 1
5800 -29 0.835498 -30 0.845385 0.688839 0.060994 -0.646964 0.054993 0.258989 0.186183 -0.251535 0.174076 1
5810 -29 0.836113 -30 0.843038 0.681741 0.071977 -0.646496 0.059603 0.258989 0.186183 -0.251535 0.174076 1
5820 -29 0.843486 -29 0.845439 0.713175 0.052144 -0.670678 0.054871 0.258989 0.186183 -0.251535 0.174076 1
5830 -30 0.845385 -29 0.851352 0.709040 0.056337 -0.676427 0.059685 0.258989 0.186183 -0.251535 0.174076 1
5840 -30 0.843038 -29 0.853166 0.720585 0.068112 -0.682921 0.049066 0.258989 0.186183 -0.251535 0.174076 1
5850 -29 0.846659 -29 0.851726 0.735720 0.059424 -0.692701 0.046734 0.258989 0.186183 -0.251535 0.174076 1
5860 -29 0.851587 -29 0.855328 0.741214 0.053751 -0.692350 0.039174 0.258989 0.186183 -0.251535 0.174076 1
5870 -29 0.853141 -30 0.859821 0.754067 0.051534 -0.701656 0.044562 0.258989 0.186183 -0.251535 0.174076 1
5880 -29 0.851551 -30 0.857284 0.773480 0.051770 -0.712333 0.045059 0.258989 0.186183 -0.251535 0.174076 1
5890 -29 0.856076 -30 0.857358 0.765414 0.050130 -0.708558 0.045775 0.258989 0.186183 -0.251535 0.174076 1
5900 -30 0.859821 -30 0.856129 0.774323 0.041569 -0.721313 0.042559 0.258989 0.186183 -0.251535 0.174076 1
5910 -30 0.857284 -29 0.853279 0.784400 0.049312 -0.727224 0.039465 0.258989 0.186183 -0.251535 0.174076 1
5920 -30 0.857358 -29 0.844491 0.783492 0.042445 -0.723893 0.035335 0.258989 0.186183 -0.251535 0.174076 1
5930 -30 0.856129 -29 0.841965 0.772491 0.046520 -0.706842 0.038408 0.258989 0.186183 -0.251535 0.174076 1
5940 -30 0.852768 -29 0.844837 0.762035 0.044898 -0.713014 0.038674 0.258989 0.186183 -0.251535 0.174076 1
5950 -29 0.843810 -29 0.845182 0.749420 0.052740 -0.700226 0.044218 0.258989 0.186183 -0.251535 0.174076 1
5960 -29 0.842260 -29 0.844464 0.760471 0.047620 -0.705536 0.048792 0.258989 0.186183 -0.251535 0.174076 1
5970 -29 0.844950 -29 0.844971 0.756775 0.054845 -0.702002 0.043072 0.258989 0.186183 -0.251535 0.174076 1
5980 -29 0.845051 -29 0.841563 0.745805 0.050870 -0.689245 0.044060 0.258989 0.186183 -0.251535 0.174076 1
5990 -29 0.844570 -30 0.844698 0.725151 0.064258 -0.688023 0.057224 0.258989 0.186183 -0.251535 0.174076 1
6000 -29 0.844850 -30 0.843157 0.728539 0.055364 -0.685027 0.047455 0.258989 0.186183 -0.251535 0.174076 1
6010 -29 0.841496 -30 0.842050 0.710614 0.066950 -0.664147 0.055081 0.258989 0.186183 -0.251535 0.174076 1
6020 -30 0.844698 -30 0.842159 0.697599 0.075850 -0.654342 0.061802 0.258989 0.186183 -0.251535 0.174076 1
6030 -30 0.843157 -30 0.839548 0.708721 0.075935 -0.666609 0.060809 0.258989 0.186183 -0.251535 0.174076 1
6040 -30 0.842050 -30 0.839691 0.701642 0.074408 -0.659003 0.062049 0.258989 0.186183 -0.251535 0.174076 1
6050 -30 0.842159 -30 0.840164 0.696735 0.072268 -0.644983 0.061635 0.258989 0.186183 -0.251535 0.174076 1
6060 -30 0.839548 -30 0.832000 0.688706 0.085442 -0.647919 0.069781 0.258989 0.186183 -0.251535 0.174076 1
6070 -30 0.839691 -30 0.831029 0.695737 0.080857 -0.651918 0.067327 0.258989 0.186183 -0.251535 0.174076 1
6080 -30 0.840164 -30 0.830810 0.687414 0.087175 -0.631832 0.077054 0.258989 0.186183 -0.251535 0.174076 1
6090 -30 0.832000 -30 0.833494 0.699369 0.084848 -0.644157 0.082165 0.258989 0.186183 -0.251535 0.174076 1
6100 -30 0.831029 -30 0.825197 0.669202 0.093623 -0.624246 0.079969 0.258989 0.186183 -0.251535 0.174076 1
6110 -30 0.830810 -30 0.821140 0.670951 0.090656 -0.637650 0.076772 0.258989 0.186183 -0.251535 0.174076 1
6120 -30 0.833494 -31 0.822229 0.663568 0.098008 -0.607413 0.091706 0.258989 0.186183 -0.251535 0.174076 1
6130 -31 0.825352 -30 0.816052 0.644839 0.109810 -0.601217 0.097132 0.258989 0.186183 -0.251535 0.174076 1
6140 -30 0.821140 -30 0.816921 0.645646 0.100945 -0.606402 0.096376 0.258989 0.186183 -0.251535 0.174076 1
6150 -31 0.822232 -30 0.816483 0.649393 0.108341 -0.610525 0.095169 0.258989 0.186183 -0.251535 0.174076 1
6160 -30 0.816052 -30 0.806693 0.646940 0.104672 -0.605742 0.094771 0.258989 0.186183 -0.251535 0.174076 1
6170 -30 0.816921 -31 0.801526 0.641321 0.101995 -0.599899 0.094019 0.258989 0.186183 -0.251535 0.174076 1
6180 -30 0.816483 -30 0.795315 0.626542 0.100750 -0.584019 0.094543 0.258989 0.186183 -0.251535 0.174076 1
6190 -30 0.806693 -30 0.787504 0.629647 0.112920 -0.581176 0.096923 0.258989 0.186183 -0.251535 0.174076 1
6200 -31 0.801846 -30 0.785336 0.637078 0.109966 -0.592188 0.096377 0.258989 0.186183 -0.251535 0.174076 1
6210 -31 0.795693 -30 0.781212 0.639123 0.127958 -0.588708 0.110257 0.258989 0.186183 -0.251535 0.174076 1
6220 -30 0.787504 -30 0.779580 0.599399 0.121843 -0.573249 0.104177 0.258989 0.186183 -0.251535 0.174076 1
6230 -30 0.785336 -30 0.783481 0.614040 0.113943 -0.576965 0.105218 0.258989 0.186183 -0.251535 0.174076 1
6240 -30 0.781212 -30 0.786154 0.615925 0.111368 -0.574932 0.105041 0.258989 0.186183 -0.251535 0.174076 1
6250 -30 0.779580 -30 0.778186 0.597513 0.129654 -0.551013 0.117046 0.258989 0.186183 -0.251535 0.174076 1
6260 -30 0.783481 -30 0.772662 0.604280 0.132343 -0.564160 0.118464 0.258989 0.186183 -0.251535 0.174076 1
6270 -31 0.786678 -30 0.775254 0.597849 0.124178 -0.556819 0.105368 0.258989 0.186183 -0.251535 0.174076 1
6280 -31 0.778785 -30 0.768441 0.603660 0.126868 -0.563353 0.109067 0.258989 0.186183 -0.251535 0.174076 1
6290 -30 0.772662 -30 0.759412 0.607126 0.121062 -0.563384 0.107602 0.258989 0.186183 -0.251535 0.174076 1
6300 -30 0.775254 -30 0.756405 0.600482 0.119570 -0.570052 0.110922 0.258989 0.186183 -0.251535 0.174076 1
6310 -30 0.768441 -30 0.757116 0.566171 0.145368 -0.538736 0.113814 0.258989 0.186183 -0.251535 0.174076 1
6320 -30 0.759412 -30 0.756552 0.592901 0.129665 -0.554811 0.106230 0.258989 0.186183 -0.251535 0.174076 1
6330 -30 0.756405 -30 0.741455 0.586025 0.124334 -0.552174 0.104994 0.258989 0.186183 -0.251535 0.174076 1
6340 -30 0.757116 -30 0.726209 0.560912 0.116897 -0.526230 0.099139 0.258989 0.186183 -0.251535 0.174076 1
6350 -31 0.757171 -30 0.720558 0.578328 0.120529 -0.543178 0.099449 0.258989 0.186183 -0.251535 0.174076 1
6360 -31 0.742121 -30 0.722387 0.568050 0.134219 -0.529196 0.117505 0.258989 0.186183 -0.251535 0.174076 1
6370 -31 0.726966 -30 0.718720 0.564162 0.130094 -0.528775 0.116652 0.258989 0.186183 -0.251535 0.174076 1
6380 -30 0.720558 -30 0.712531 0.545163 0.134867 -0.507795 0.118475 0.258989 0.186183 -0.251535 0.174076 1
6390 -30 0.722387 -30 0.709369 0.565002 0.133419 -0.521425 0.122049 0.258989 0.186183 -0.251535 0.174076 1
6400 -30 0.718720 -30 0.705103 0.556317 0.129108 -0.528931 0.115343 0.258989 0.186183 -0.251535 0.174076 1
6410 -30 0.712531 -30 0.685780 0.540187 0.144419 -0.509665 0.131461 0.258989 0.186183 -0.251535 0.174076 1
6420 -30 0.709369 -29 0.673904 0.558988 0.128941 -0.532930 0.132496 0.258989 0.186183 -0.251535 0.174076 1
6430 -30 0.705103 -29 0.652593 0.526850 0.142112 -0.505255 0.124101 0.258989 0.186183 -0.251535 0.174076 1
6440 -30 0.685780 -29 0.635939 0.536124 0.137107 -0.505834 0.122454 0.258989 0.186183 -0.251535 0.174076 1
6450 -29 0.672314 -30 0.630945 0.544225 0.140235 -0.503612 0.116976 0.258989 0.186183 -0.251535 0.174076 0
6460 -30 0.650736 -29 0.616768 0.558451 0.120296 -0.523196 0.105618 0.258989 0.186183 -0.251535 0.174076 0
6470 -30 0.635695 -30 0.619316 0.551432 0.126714 -0.510793 0.111182 0.258989 0.186183 -0.251535 0.174076 0
6480 -30 0.630945 -29 0.627235 0.545518 0.126625 -0.507863 0.109488 0.258989 0.186183 -0.251535 0.174076 0
6490 -30 0.616070 -29 0.618921 0.527848 0.142960 -0.501733 0.130469 0.258989 0.186183 -0.251535 0.174076 0
6500 -29 0.620330 -29 0.615575 0.526025 0.122333 -0.488542 0.118828 0.258989 0.186183 -0.251535 0.174076 0
6510 -29 0.626688 -29 0.599384 0.522701 0.130315 -0.496042 0.117624 0.258989 0.186183 -0.251535 0.174076 0
6520 -29 0.618580 -29 0.592503 0.491086 0.117143 -0.468533 0.108265 0.258989 0.186183 -0.251535 0.174076 1
6530 -29 0.613960 -29 0.576254 0.465520 0.125425 -0.436496 0.103089 0.258989 0.186183 -0.251535 0.174076 1
6540 -29 0.598814 -29 0.567485 0.456520 0.130648 -0.427696 0.113309 0.258989 0.186183 -0.251535 0.174076 1
6550 -29 0.591084 -29 0.548253 0.476046 0.132041 -0.429256 0.102329 0.258989 0.186183 -0.251535 0.174076 0
6560 -29 0.574876 -29 0.528993 0.432884 0.122538 -0.402427 0.112075 0.258989 0.186183 -0.251535 0.174076 1
6570 -29 0.566926 -29 0.527083 0.467525 0.097427 -0.433741 0.089685 0.258989 0.186183 -0.251535 0.174076 1
6580 -29 0.545761 -29 0.525021 0.420348 0.112527 -0.400621 0.097853 0.258989 0.186183 -0.251535 0.174076 1
6590 -29 0.528029 -29 0.521756 0.420844 0.119056 -0.380445 0.096835 0.258989 0.186183 -0.251535 0.174076 0
6600 -29 0.527119 -29 0.513839 0.426970 0.120056 -0.400169 0.093168 0.258989 0.186183 -0.251535 0.174076 0
6610 -30 0.524759 -29 0.509664 0.411806 0.109877 -0.389978 0.100574 0.258989 0.186183 -0.251535 0.174076 1
6620 -29 0.521261 -30 0.510948 0.429911 0.117552 -0.394895 0.103095 0.258989 0.186183 -0.251535 0.174076 0
6630 -29 0.512935 -30 0.489600 0.423779 0.110762 -0.383707 0.096824 0.258989 0.186183 -0.251535 0.174076 0
6640 -29 0.509724 -30 0.464864 0.409439 0.100744 -0.387978 0.095394 0.258989 0.186183 -0.251535 0.174076 0
6650 -30 0.510948 -30 0.464035 0.399538 0.101334 -0.381753 0.096104 0.258989 0.186183 -0.251535 0.174076 1
6660 -30 0.489600 -30 0.465376 0.395407 0.099416 -0.376673 0.103718 0.258989 0.186183 -0.251535 0.174076 0
6670 -30 0.464864 -30 0.459331 0.400751 0.104318 -0.369949 0.094412 0.258989 0.186183 -0.251535 0.174076 0
6680 -30 0.464035 -29 0.448441 0.405372 0.107058 -0.383124 0.094322 0.258989 0.186183 -0.251535 0.174076 0
6690 -30 0.465376 -29 0.416834 0.421132 0.107880 -0.394121 0.090569 0.258989 0.186183 -0.251535 0.174076 0
6700 -30 0.459331 -29 0.363132 0.413515 0.102086 -0.378343 0.095308 0.258989 0.186183 -0.251535 0.174076 0
6710 -30 0.447892 -32 0.326858 0.406584 0.095728 -0.367581 0.094656 0.258989 0.186183 -0.251535 0.174076 0
6720 -30 0.414244 -32 0.349192 0.400294 0.104384 -0.378291 0.083620 0.258989 0.186183 -0.251535 0.174076 0
6730 -31 0.362745 -32 0.354590 0.391569 0.097038 -0.383820 0.082535 0.258989 0.186183 -0.251535 0.174076 0
6740 -31 0.326233 -32 0.340347 0.432187 0.096394 -0.390099 0.085740 0.258989 0.186183 -0.251535 0.174076 0
6750 -32 0.344506 -31 0.316878 0.389622 0.104602 -0.393861 0.079281 0.258989 0.186183 -0.251535 0.174076 0
6760 -32 0.356475 -31 0.281854 0.403568 0.097018 -0.380781 0.092666 0.258989 0.186183 -0.251535 0.174076 0
6770 -32 0.343280 -32 0.276289 0.390556 0.098789 -0.372654 0.094535 0.258989 0.186183 -0.251535 0.174076 0
6780 -32 0.323002 -31 0.260528 0.403790 0.092592 -0.387595 0.085462 0.258989 0.186183 -0.251535 0.174076 0
6790 -32 0.284717 -29 0.186632 0.393863 0.095748 -0.384110 0.070216 0.258989 0.186183 -0.251535 0.174076 0
6800 -32 0.276413 -29 0.146009 0.401430 0.100717 -0.366697 0.087857 0.258989 0.186183 -0.251535 0.174076 0
6810 -32 0.266147 -29 0.132051 0.389225 0.094191 -0.394243 0.089844 0.258989 0.186183 -0.251535 0.174076 0
6820 -32 0.187408 -30 0.112648 0.400669 0.098270 -0.380271 0.093681 0.258989 0.186183 -0.251535 0.174076 0
6830 -30 0.145540 -30 0.105787 0.403625 0.092397 -0.372704 0.075195 0.258989 0.186183 -0.251535 0.174076 0
6840 -30 0.130912 -29 0.081209 0.395199 0.086255 -0.385776 0.082532 0.258989 0.186183 -0.251535 0.174076 0
6850 -30 0.112648 -30 0.072314 0.395621 0.088260 -0.385130 0.087852 0.258989 0.186183 -0.251535 0.174076 0
6860 -30 0.105787 -28 0.072089 0.375351 0.090651 -0.377399 0.079788 0.258989 0.186183 -0.251535 0.174076 0
6870 -30 0.080447 -27 0.025618 0.398984 0.099621 -0.368570 0.083975 0.258989 0.186183 -0.251535 0.174076 0
6880 -29 0.072461 -26 -0.004095 0.385642 0.090819 -0.372231 0.077416 0.258989 0.186183 -0.251535 0.174076 0
6890 -29 0.065218 -26 -0.024948 0.381762 0.087588 -0.359684 0.078531 0.258989 0.186183 -0.251535 0.174076 0
6900 -28 0.015332 -27 -0.035739 0.384383 0.093483 -0.350155 0.083567 0.258989 0.186183 -0.251535 0.174076 0
6910 -27 -0.010242 -26 -0.045488 0.380990 0.083926 -0.376905 0.072320 0.258989 0.186183 -0.251535 0.174076 0
6920 -28 -0.031038 -26 -0.079173 0.366367 0.085084 -0.354572 0.062777 0.258989 0.186183 -0.251535 0.174076 0
6930 -27 -0.036071 -27 -0.091167 0.377924 0.100073 -0.359808 0.069456 0.258989 0.186183 -0.251535 0.174076 0
6940 -28 -0.055263 -40 -0.166963 0.355194 0.075566 -0.353476 0.077784 0.258989 0.186183 -0.251535 0.174076 0
6950 -28 -0.086217 108 0.373904 0.359503 0.079467 -0.347830 0.067421 0.258989 0.186183 -0.251535 0.174076 0
6960 -32 -0.093502 110 0.385629 0.348607 0.081578 -0.339042 0.066992 0.258989 0.186183 -0.251535 0.174076 0
6970 -43 -0.104926 110 0.369161 0.357481 0.076625 -0.346316 0.074536 0.258989 0.186183 -0.251535 0.174076 0
6980 -46 -0.133177 105 0.364647 0.352564 0.066134 -0.345681 0.056820 0.258989 0.186183 -0.251535 0.174076 0
6990 107 0.402168 84 0.365243 0.345774 0.080378 -0.346154 0.074715 0.258989 0.186183 -0.251535 0.174076 0
7000 107 0.404695 96 0.392114 0.349200 0.068776 -0.338421 0.070555 0.258989 0.186183 -0.251535 0.174076 0
7010 107 0.436716 101 0.417024 0.362216 0.073185 -0.350482 0.061764 0.258989 0.186183 -0.251535 0.174076 0
7020 108 0.437562 105 0.421519 0.375180 0.077535 -0.376838 0.069615 0.258989 0.186183 -0.251535 0.174076 0
7030 108 0.467813 102 0.424334 0.399095 0.084675 -0.385824 0.063558 0.258989 0.186183 -0.251535 0.174076 0
7040 107 0.505670 104 0.424933 0.406895 0.070346 -0.394629 0.070439 0.258989 0.186183 -0.251535 0.174076 1
7050 106 0.524255 103 0.442298 0.399136 0.080348 -0.399282 0.074639 0.258989 0.186183 -0.251535 0.174076 1
7060 106 0.530512 106 0.448270 0.395836 0.075695 -0.378989 0.077195 0.258989 0.186183 -0.251535 0.174076 1
7070 106 0.536446 105 0.448440 0.394782 0.074142 -0.392623 0.067071 0.258989 0.186183 -0.251535 0.174076 1
7080 106 0.521642 106 0.448853 0.408982 0.080599 -0.395163 0.069831 0.258989 0.186183 -0.251535 0.174076 1
7090 106 0.516681 110 0.427825 0.401324 0.079056 -0.404079 0.077122 0.258989 0.186183 -0.251535 0.174076 1
7100 106 0.520897 110 0.398663 0.412549 0.087983 -0.408578 0.078907 0.258989 0.186183 -0.251535 0.174076 1
7110 106 0.530529 104 0.424072 0.399765 0.091977 -0.389199 0.075724 0.258989 0.186183 -0.251535 0.174076 1
7120 105 0.532164 108 0.437405 0.409294 0.087577 -0.402216 0.083127 0.258989 0.186183 -0.251535 0.174076 1
7130 106 0.526573 104 0.444940 0.383791 0.085130 -0.382715 0.088151 0.258989 0.186183 -0.251535 0.174076 1
7140 106 0.520694 103 0.486345 0.399883 0.087539 -0.383548 0.086744 0.258989 0.186183 -0.251535 0.174076 1
7150 106 0.514292 37 0.180902 0.398381 0.085523 -0.396120 0.089829 0.258989 0.186183 -0.251535 0.174076 0
7160 106 0.507086 105 0.527881 0.358662 0.086871 -0.357886 0.100971 0.258989 0.186183 -0.251535 0.174076 1
7170 107 0.498742 105 0.534263 0.358645 0.109917 -0.352289 0.106478 0.258989 0.186183 -0.251535 0.174076 1
7180 109 0.505574 107 0.533431 0.345927 0.101276 -0.329179 0.096258 0.258989 0.186183 -0.251535 0.174076 1
7190 109 0.514874 107 0.517711 0.339258 0.102382 -0.338916 0.096188 0.258989 0.186183 -0.251535 0.174076 1
7200 109 0.529774 106 0.516922 0.335221 0.105176 -0.317047 0.104629 0.258989 0.186183 -0.251535 0.174076 1
7210 110 0.545177 105 0.525374 0.304833 0.104869 -0.300345 0.091736 0.258989 0.186183 -0.251535 0.174076 1
7220 111 0.551696 105 0.533241 0.309592 0.107341 -0.307813 0.105643 0.258989 0.186183 -0.251535 0.174076 1
7230 111 0.559306 106 0.529439 0.287833 0.100096 -0.280228 0.100199 0.258989 0.186183 -0.251535 0.174076 1
7240 111 0.573891 106 0.524433 0.316300 0.102771 -0.315992 0.095411 0.258989 0.186183 -0.251535 0.174076 1
7250 110 0.577697 106 0.518116 0.309865 0.098042 -0.299151 0.109794 0.258989 0.186183 -0.251535 0.174076 1
7260 111 0.583361 107 0.512506 0.316811 0.108211 -0.317444 0.109824 0.258989 0.186183 -0.251535 0.174076 1
7270 111 0.591690 107 0.503994 0.312319 0.099222 -0.307160 0.106245 0.258989 0.186183 -0.251535 0.174076 1
7280 111 0.601132 107 0.497996 0.294179 0.121297 -0.297993 0.111652 0.258989 0.186183 -0.251535 0.174076 1
7290 111 0.610717 108 0.507434 0.327543 0.116003 -0.327119 0.117929 0.258989 0.186183 -0.251535 0.174076 1
7300 111 0.618721 107 0.518344 0.316629 0.121322 -0.338325 0.132514 0.258989 0.186183 -0.251535 0.174076 1
7310 111 0.628708 108 0.531329 0.324585 0.131376 -0.338592 0.115486 0.258989 0.186183 -0.251535 0.174076 1
7320 111 0.635031 109 0.545710 0.343241 0.136456 -0.345867 0.147963 0.258989 0.186183 -0.251535 0.174076 1
7330 112 0.644474 111 0.551551 0.346028 0.153491 -0.348741 0.135986 0.258989 0.186183 -0.251535 0.174076 1
7340 112 0.657941 109 0.558820 0.342260 0.138577 -0.355970 0.155085 0.258989 0.186183 -0.251535 0.174076 1
7350 111 0.661948 110 0.573804 0.351546 0.158305 -0.361399 0.158618 0.258989 0.186183 -0.251535 0.174076 1
7360 111 0.662589 110 0.577697 0.367192 0.179078 -0.381678 0.198655 0.258989 0.186183 -0.251535 0.174076 1
7370 111 0.661150 110 0.583097 0.382099 0.174694 -0.360628 0.166992 0.258989 0.186183 -0.251535 0.174076 1
7380 112 0.661199 110 0.591032 0.353111 0.175386 -0.367612 0.207018 0.258989 0.186183 -0.251535 0.174076 1
7390 112 0.668377 110 0.600663 0.364428 0.196132 -0.366329 0.184608 0.258989 0.186183 -0.251535 0.174076 1
7400 112 0.686444 110 0.610105 0.346610 0.183211 -0.371458 0.183989 0.258989 0.186183 -0.251535 0.174076 1
7410 113 0.704827 110 0.618015 0.363629 0.193366 -0.394761 0.200610 0.258989 0.186183 -0.251535 0.174076 1
7420 112 0.711590 111 0.628044 0.396272 0.182703 -0.352016 0.192425 0.258989 0.186183 -0.251535 0.174076 1
7430 112 0.714255 111 0.634407 0.354566 0.210002 -0.375890 0.199195 0.258989 0.186183 -0.251535 0.174076 1
7440 112 0.716315 110 0.643473 0.382930 0.183466 -0.357459 0.184705 0.258989 0.186183 -0.251535 0.174076 1
7450 113 0.718021 111 0.656986 0.350146 0.215595 -0.374706 0.188679 0.258989 0.186183 -0.251535 0.174076 1
7460 113 0.717825 111 0.661686 0.363782 0.205813 -0.359931 0.184867 0.258989 0.186183 -0.251535 0.174076 1
7470 113 0.719275 111 0.662673 0.348132 0.211999 -0.299045 0.202416 0.258989 0.186183 -0.251535 0.174076 1
7480 113 0.720239 111 0.661304 0.337881 0.202920 -0.336132 0.192658 0.258989 0.186183 -0.251535 0.174076 1
7490 113 0.720010 111 0.660969 0.297955 0.212792 -0.345236 0.210419 0.258989 0.186183 -0.251535 0.174076 1
7500 113 0.719461 110 0.667239 0.339471 0.218611 -0.319475 0.202137 0.258989 0.186183 -0.251535 0.174076 1
7510 113 0.720880 109 0.684920 0.327334 0.216190 -0.353799 0.201251 0.258989 0.186183 -0.251535 0.174076 1
7520 113 0.710896 111 0.702833 0.330421 0.232527 -0.319706 0.208248 0.258989 0.186183 -0.251535 0.174076 1
7530 113 0.694189 112 0.710761 0.335590 0.235134 -0.357889 0.188501 0.258989 0.186183 -0.251535 0.174076 1
7540 113 0.685562 112 0.713837 0.335191 0.243088 -0.321000 0.250336 0.258989 0.186183 -0.251535 0.174076 1
7550 113 0.706207 112 0.715956 0.347410 0.244868 -0.339388 0.258722 0.258989 0.186183 -0.251535 0.174076 1
7560 113 0.724964 112 0.717596 0.363847 0.261516 -0.365800 0.219701 0.258989 0.186183 -0.251535 0.174076 1
7570 113 0.723868 113 0.717899 0.344944 0.268588 -0.360232 0.230599 0.258989 0.186183 -0.251535 0.174076 1
7580 113 0.722613 113 0.718483 0.367575 0.271945 -0.379976 0.235112 0.258989 0.186183 -0.251535 0.174076 1
7590 114 0.715319 113 0.720155 0.366717 0.270316 -0.328955 0.252620 0.258989 0.186183 -0.251535 0.174076 1
7600 114 0.710652 113 0.720114 0.330370 0.306517 -0.385438 0.234937 0.258989 0.186183 -0.251535 0.174076 1
7610 115 0.707808 113 0.719613 0.414763 0.290786 -0.369042 0.228955 0.258989 0.186183 -0.251535 0.174076 1
7620 136 0.713823 113 0.720711 0.395695 0.294702 -0.397130 0.236562 0.258989 0.186183 -0.251535 0.174076 0
7630 137 0.722449 117 0.717718 0.380288 0.323073 -0.406260 0.234008 0.258989 0.186183 -0.251535 0.174076 0
7640 138 0.723262 126 0.706865 0.417583 0.306647 -0.387217 0.252940 0.258989 0.186183 -0.251535 0.174076 0
7650 139 0.728740 134 0.696047 0.410916 0.308409 -0.396766 0.212986 0.258989 0.186183 -0.251535 0.174076 1
7660 136 0.748127 105 0.711647 0.395000 0.314085 -0.389980 0.222524 0.258989 0.186183 -0.251535 0.174076 0
7670 138 0.756521 111 0.724176 0.475921 0.310351 -0.347768 0.226811 0.258989 0.186183 -0.251535 0.174076 0
7680 138 0.769507 113 0.723896 0.390197 0.323702 -0.385746 0.216522 0.258989 0.186183 -0.251535 0.174076 0
7690 137 0.780632 113 0.724361 0.393972 0.314100 -0.372049 0.214006 0.258989 0.186183 -0.251535 0.174076 0
7700 137 0.793013 116 0.717957 0.407806 0.306908 -0.362105 0.227238 0.258989 0.186183 -0.251535 0.174076 0
7710 137 0.796612 116 0.712919 0.379195 0.322944 -0.342577 0.249144 0.258989 0.186183 -0.251535 0.174076 0
7720 137 0.804166 116 0.708776 0.428502 0.297831 -0.334766 0.237532 0.258989 0.186183 -0.251535 0.174076 0
7730 129 0.809521 115 0.708395 0.426558 0.314128 -0.337640 0.243412 0.258989 0.186183 -0.251535 0.174076 0
7740 118 0.818325 116 0.713692 0.377804 0.337716 -0.378614 0.188132 0.258989 0.186183 -0.251535 0.174076 1
7750 114 0.821056 123 0.716404 0.418989 0.320767 -0.388738 0.218005 0.258989 0.186183 -0.251535 0.174076 1
7760 131 0.824870 133 0.720876 0.382040 0.306339 -0.368422 0.235055 0.258989 0.186183 -0.251535 0.174076 1
7770 120 0.831306 112 0.728054 0.435851 0.300091 -0.296956 0.257200 0.258989 0.186183 -0.251535 0.174076 1
7780 113 0.837176 116 0.741517 0.344496 0.342733 -0.367455 0.205299 0.258989 0.186183 -0.251535 0.174076 1
7790 107 0.845415 115 0.750312 0.400129 0.329101 -0.320966 0.233182 0.258989 0.186183 -0.251535 0.174076 1
7800 106 0.844004 116 0.762028 0.396322 0.327991 -0.319886 0.235121 0.258989 0.186183 -0.251535 0.174076 1
7810 105 0.840159 114 0.773490 0.392551 0.317861 -0.290637 0.237941 0.258989 0.186183 -0.251535 0.174076 1
7820 102 0.832147 119 0.784757 0.355712 0.328218 -0.351141 0.205976 0.258989 0.186183 -0.251535 0.174076 0
7830 100 0.816220 129 0.791009 0.350889 0.344513 -0.334622 0.221313 0.258989 0.186183 -0.251535 0.174076 0
7840 59 0.825424 116 0.796792 0.346782 0.336971 -0.328454 0.212881 0.258989 0.186183 -0.251535 0.174076 0
7850 43 0.835427 -69 0.723522 0.407299 0.321612 -0.314846 0.192946 0.258989 0.186183 -0.251535 0.174076 0
7860 37 0.843593 -59 0.775111 0.378205 0.320337 -0.307448 0.176480 0.258989 0.186183 -0.251535 0.174076 0
7870 34 0.856533 -53 0.788754 0.363588 0.345002 -0.339121 0.178846 0.258989 0.186183 -0.251535 0.174076 0
7880 34 0.854728 -55 0.814370 0.414008 0.352535 -0.320819 0.180351 0.258989 0.186183 -0.251535 0.174076 0
7890 31 0.848162 -48 0.851220 0.386405 0.335304 -0.305633 0.193784 0.258989 0.186183 -0.251535 0.174076 0
7900 28 0.834315 -40 0.860091 0.447446 0.353608 -0.297265 0.196992 0.258989 0.186183 -0.251535 0.174076 0
7910 13 0.821121 -48 0.861899 0.405739 0.342909 -0.316033 0.147600 0.258989 0.186183 -0.251535 0.174076 0
7920 -24 0.841397 -47 0.860563 0.393429 0.375381 -0.304769 0.153780 0.258989 0.186183 -0.251535 0.174076 0
7930 -30 0.850516 -47 0.850358 0.421440 0.367749 -0.303483 0.155620 0.258989 0.186183 -0.251535 0.174076 0
7940 -39 0.860095 -41 0.835849 0.410557 0.353143 -0.322943 0.128517 0.258989 0.186183 -0.251535 0.174076 1
7950 -44 0.859010 -54 0.817896 0.451731 0.393599 -0.312608 0.131773 0.258989 0.186183 -0.251535 0.174076 1
7960 -46 0.863080 -47 0.813465 0.423955 0.351425 -0.297609 0.125185 0.258989 0.186183 -0.251535 0.174076 1
7970 -51 0.859921 -39 0.797518 0.383895 0.363998 -0.299261 0.121101 0.258989 0.186183 -0.251535 0.174076 0
7980 -56 0.851244 -29 0.771148 0.468350 0.380736 -0.302630 0.108358 0.258989 0.186183 -0.251535 0.174076 0
7990 -75 0.839022 -19 0.740918 0.446205 0.347081 -0.293142 0.107183 0.258989 0.186183 -0.251535 0.174076 0
8000 -52 0.817110 -8 0.708967 0.400468 0.363190 -0.282666 0.112286 0.258989 0.186183 -0.251535 0.174076 0
8010 -53 0.810804 3 0.683102 0.467748 0.346241 -0.264480 0.100012 0.258989 0.186183 -0.251535 0.174076 0
8020 -58 0.779286 12 0.655256 0.391600 0.345602 -0.275330 0.108450 0.258989 0.186183 -0.251535 0.174076 0
8030 -58 0.745548 24 0.632151 0.415195 0.361313 -0.260510 0.102128 0.258989 0.186183 -0.251535 0.174076 0
8040 -58 0.715553 32 0.623179 0.343227 0.336912 -0.283108 0.106789 0.258989 0.186183 -0.251535 0.174076 0
8050 52 0.160840 -36 0.507858 0.293399 0.335408 -0.288475 0.088983 0.258989 0.186183 -0.251535 0.174076 0
8060 52 0.168171 -28 0.410799 0.451226 0.357511 -0.263884 0.108061 0.258989 0.186183 -0.251535 0.174076 0
8070 50 0.152735 -44 0.281066 0.435793 0.343217 -0.281009 0.095865 0.258989 0.186183 -0.251535 0.174076 0
8080 50 0.129521 52 0.241271 0.416244 0.340070 -0.275201 0.088406 0.258989 0.186183 -0.251535 0.174076 0
8090 50 0.116516 51 0.148287 0.370987 0.331741 -0.266641 0.082180 0.258989 0.186183 -0.251535 0.174076 0
8100 50 0.093251 52 0.159240 0.326559 0.299623 -0.262119 0.084390 0.258989 0.186183 -0.251535 0.174076 0
8110 50 0.073578 51 0.168005 0.393473 0.326755 -0.250930 0.089843 0.258989 0.186183 -0.251535 0.174076 0
8120 51 0.049593 51 0.154841 0.400364 0.325765 -0.250978 0.093444 0.258989 0.186183 -0.251535 0.174076 0
8130 52 0.064381 51 0.131248 0.377283 0.303013 -0.245584 0.067481 0.258989 0.186183 -0.251535 0.174076 0
8140 52 0.080424 51 0.117744 0.434072 0.300497 -0.243516 0.075487 0.258989 0.186183 -0.251535 0.174076 0
8150 52 0.088181 51 0.094276 0.324771 0.302488 -0.240928 0.068772 0.258989 0.186183 -0.251535 0.174076 0
8160 51 0.086043 51 0.074686 0.316399 0.278005 -0.228385 0.069740 0.258989 0.186183 -0.251535 0.174076 0
8170 51 0.070190 51 0.050647 0.372069 0.283640 -0.226739 0.056921 0.258989 0.186183 -0.251535 0.174076 0
