200 50 0.498006 -44 0.198094 0.258666 0.136899 -0.237481 0.099017 0.291023 0.122197 -0.261176 0.092518 0
210 50 0.499333 -45 0.206153 0.276976 0.123134 -0.226572 0.071624 0.291023 0.122197 -0.261176 0.092518 0
220 49 0.502908 -45 0.208682 0.317633 0.124781 -0.215341 0.087891 0.291023 0.122197 -0.261176 0.092518 0
230 49 0.478141 -45 0.197153 0.299357 0.130983 -0.237380 0.086968 0.291023 0.122197 -0.261176 0.092518 0
240 -44 0.197063 -45 0.202186 0.303402 0.160998 -0.248596 0.090097 0.291023 0.122197 -0.261176 0.092518 0
250 -43 0.200750 -44 0.215781 0.310481 0.130920 -0.248825 0.077142 0.291023 0.122197 -0.261176 0.092518 0
260 -44 0.209564 -42 0.215787 0.316933 0.139445 -0.244622 0.078212 0.291023 0.122197 -0.261176 0.092518 0
270 -46 0.203570 -42 0.201246 0.308929 0.126862 -0.239147 0.086593 0.291023 0.122197 -0.261176 0.092518 0
280 -45 0.198924 -43 0.193489 0.318197 0.123402 -0.238958 0.091474 0.291023 0.122197 -0.261176 0.092518 0
290 -43 0.212133 -42 0.193231 0.304563 0.115502 -0.255208 0.067721 0.291023 0.122197 -0.261176 0.092518 0
300 -43 0.218051 -42 0.188889 0.298912 0.151284 -0.246786 0.086506 0.291023 0.122197 -0.261176 0.092518 0
310 -43 0.204847 -42 0.180093 0.321375 0.142490 -0.230719 0.088490 0.291023 0.122197 -0.261176 0.092518 0
320 -43 0.194751 -43 0.174672 0.305821 0.148325 -0.236060 0.083260 0.291023 0.122197 -0.261176 0.092518 0
330 -42 0.192681 -43 0.171771 0.309957 0.131214 -0.243484 0.089701 0.291023 0.122197 -0.261176 0.092518 0
340 -43 0.189894 -43 0.162777 0.314468 0.125382 -0.246668 0.087348 0.291023 0.122197 -0.261176 0.092518 0
350 -43 0.182846 -43 0.162731 0.295154 0.143742 -0.249600 0.086860 0.291023 0.122197 -0.261176 0.092518 0
360 41 0.255906 -43 0.165443 0.284076 0.131661 -0.266190 0.082515 0.291023 0.122197 -0.261176 0.092518 0
370 -43 0.173936 -43 0.165352 0.335606 0.118111 -0.266182 0.079082 0.291023 0.122197 -0.261176 0.092518 0
380 -43 0.165650 -43 0.166191 0.311313 0.139850 -0.274550 0.087461 0.291023 0.122197 -0.261176 0.092518 0
390 -43 0.161869 -42 0.164097 0.344891 0.123876 -0.275692 0.082040 0.291023 0.122197 -0.261176 0.092518 0
400 -43 0.164232 -38 0.102846 0.331018 0.111079 -0.292913 0.081912 0.291023 0.122197 -0.261176 0.092518 0
410 -43 0.164781 -11 0.156009 0.354141 0.119407 -0.277650 0.098069 0.291023 0.122197 -0.261176 0.092518 0
420 -8 0.156970 -9 0.180180 0.345968 0.122823 -0.271808 0.091890 0.291023 0.122197 -0.261176 0.092518 0
430 -9 0.179568 -9 0.172212 0.332149 0.103113 -0.278993 0.081547 0.291023 0.122197 -0.261176 0.092518 0
440 -9 0.171061 -9 0.164196 0.317141 0.108750 -0.294073 0.076710 0.291023 0.122197 -0.261176 0.092518 0
450 -9 0.163640 -9 0.162355 0.299310 0.105508 -0.297902 0.077289 0.291023 0.122197 -0.261176 0.092518 0
460 -9 0.162154 -9 0.160678 0.309692 0.094739 -0.284641 0.075481 0.291023 0.122197 -0.261176 0.092518 0
470 -9 0.160411 -8 0.156263 0.309841 0.097443 -0.276845 0.085184 0.291023 0.122197 -0.261176 0.092518 0
480 -9 0.155189 -8 0.145947 0.318728 0.099916 -0.267158 0.067838 0.291023 0.122197 -0.261176 0.092518 0
490 -9 0.143981 -9 0.136566 0.309828 0.107833 -0.283883 0.079563 0.291023 0.122197 -0.261176 0.092518 0
500 -9 0.136552 -9 0.139220 0.317751 0.103012 -0.268287 0.082357 0.291023 0.122197 -0.261176 0.092518 0
510 -9 0.139410 -9 0.139765 0.309147 0.082748 -0.260554 0.056052 0.291023 0.122197 -0.261176 0.092518 0
520 -9 0.139546 -9 0.141080 0.282620 0.079212 -0.267867 0.058191 0.291023 0.122197 -0.261176 0.092518 0
530 -9 0.141568 -8 0.138845 0.305296 0.086635 -0.273941 0.053057 0.291023 0.122197 -0.261176 0.092518 0
540 -8 0.136137 -7 0.120070 0.327910 0.089324 -0.277552 0.056181 0.291023 0.122197 -0.261176 0.092518 0
550 -8 0.116262 -8 0.110957 0.318755 0.085535 -0.295750 0.068725 0.291023 0.122197 -0.261176 0.092518 0
560 -8 0.110088 -8 0.111177 0.333976 0.090806 -0.289639 0.059646 0.291023 0.122197 -0.261176 0.092518 0
570 -8 0.111289 -8 0.109498 0.323468 0.084162 -0.282308 0.065575 0.291023 0.122197 -0.261176 0.092518 0
580 -8 0.107295 -7 0.097068 0.307342 0.084751 -0.285809 0.061424 0.291023 0.122197 -0.261176 0.092518 0
590 -8 0.095017 -7 0.089687 0.304495 0.083799 -0.290761 0.064269 0.291023 0.122197 -0.261176 0.092518 0
600 -8 0.088957 -8 0.086053 0.328346 0.083782 -0.283725 0.053884 0.291023 0.122197 -0.261176 0.092518 0
610 -8 0.085529 -7 0.081210 0.322983 0.083311 -0.281375 0.057011 0.291023 0.122197 -0.261176 0.092518 0
620 -7 0.081793 -7 0.081172 0.331306 0.098922 -0.290022 0.069253 0.291023 0.122197 -0.261176 0.092518 0
630 -7 0.081343 -8 0.078185 0.327156 0.087775 -0.286913 0.064797 0.291023 0.122197 -0.261176 0.092518 0
640 -8 0.075761 -8 0.060320 0.322550 0.087594 -0.298050 0.066832 0.291023 0.122197 -0.261176 0.092518 0
650 -8 0.056112 -8 0.047618 0.325932 0.088636 -0.291691 0.066809 0.291023 0.122197 -0.261176 0.092518 0
660 -8 0.046925 -8 0.039513 0.332859 0.076129 -0.291140 0.067028 0.291023 0.122197 -0.261176 0.092518 0
670 -8 0.036784 -8 0.035770 0.339187 0.085727 -0.305626 0.060998 0.291023 0.122197 -0.261176 0.092518 0
680 -8 0.036879 -9 0.041794 0.329235 0.075294 -0.305428 0.064202 0.291023 0.122197 -0.261176 0.092518 0
690 -8 0.042646 -8 0.048409 0.342952 0.081645 -0.291346 0.062798 0.291023 0.122197 -0.261176 0.092518 0
700 -8 0.048886 -9 0.046057 0.343288 0.082969 -0.299395 0.061529 0.291023 0.122197 -0.261176 0.092518 0
710 -9 0.045353 -8 0.023838 0.328522 0.082694 -0.301989 0.061688 0.291023 0.122197 -0.261176 0.092518 0
720 -10 0.015223 -6 -0.035425 0.332210 0.074837 -0.295076 0.057397 0.291023 0.122197 -0.261176 0.092518 0
730 -8 -0.048293 -6 -0.064185 0.320348 0.080476 -0.294144 0.054299 0.291023 0.122197 -0.261176 0.092518 0
740 -6 -0.068942 -6 -0.073985 0.333275 0.080074 -0.306651 0.061571 0.291023 0.122197 -0.261176 0.092518 0
750 -6 -0.075709 -6 -0.073739 0.358068 0.076842 -0.329622 0.062532 0.291023 0.122197 -0.261176 0.092518 0
760 -6 -0.071763 -6 -0.071208 0.354969 0.080401 -0.333745 0.064531 0.291023 0.122197 -0.261176 0.092518 0
770 -6 -0.070710 -6 -0.066249 0.364870 0.088677 -0.330904 0.057909 0.291023 0.122197 -0.261176 0.092518 0
780 -6 -0.061866 -6 -0.055042 0.369993 0.080746 -0.326319 0.063061 0.291023 0.122197 -0.261176 0.092518 0
790 -6 -0.052520 -6 -0.049615 0.352842 0.087612 -0.337885 0.069784 0.291023 0.122197 -0.261176 0.092518 0
800 -6 -0.047641 -6 -0.045579 0.353408 0.074665 -0.309664 0.065528 0.291023 0.122197 -0.261176 0.092518 0
810 -6 -0.044656 -6 -0.045687 0.339414 0.063580 -0.307513 0.068040 0.291023 0.122197 -0.261176 0.092518 0
820 -6 -0.047060 -6 -0.046756 0.321780 0.072312 -0.298550 0.062620 0.291023 0.122197 -0.261176 0.092518 0
830 -6 -0.045599 -7 -0.038826 0.330853 0.078152 -0.295166 0.062225 0.291023 0.122197 -0.261176 0.092518 0
840 -6 -0.034666 -7 -0.027518 0.331597 0.064502 -0.302063 0.061102 0.291023 0.122197 -0.261176 0.092518 0
850 -7 -0.025635 -7 -0.018865 0.342596 0.081712 -0.301962 0.062547 0.291023 0.122197 -0.261176 0.092518 0
860 -6 -0.016524 -6 -0.016302 0.338571 0.077079 -0.294598 0.056045 0.291023 0.122197 -0.261176 0.092518 0
870 -6 -0.015487 -6 -0.014347 0.317968 0.062961 -0.292569 0.054466 0.291023 0.122197 -0.261176 0.092518 0
880 -6 -0.014795 -6 -0.015683 0.326562 0.068379 -0.291338 0.057666 0.291023 0.122197 -0.261176 0.092518 0
890 -6 -0.013442 -6 -0.004535 0.316830 0.066124 -0.309447 0.056009 0.291023 0.122197 -0.261176 0.092518 0
900 -5 0.002565 -6 0.011087 0.316419 0.072560 -0.303200 0.059112 0.291023 0.122197 -0.261176 0.092518 0
910 -6 0.020998 -6 0.024222 0.325316 0.077357 -0.307271 0.060226 0.291023 0.122197 -0.261176 0.092518 0
920 -7 0.023719 -7 0.023119 0.312069 0.066590 -0.305399 0.058446 0.291023 0.122197 -0.261176 0.092518 0
930 -6 0.027184 -9 0.067550 0.335940 0.065700 -0.300115 0.064291 0.291023 0.122197 -0.261176 0.092518 0
940 -6 0.091608 -10 0.160233 0.331491 0.072472 -0.294131 0.062565 0.291023 0.122197 -0.261176 0.092518 0
950 -8 0.169238 -8 0.184646 0.329458 0.070331 -0.301385 0.053402 0.291023 0.122197 -0.261176 0.092518 0
960 -9 0.184300 -8 0.181623 0.324341 0.069732 -0.305286 0.058091 0.291023 0.122197 -0.261176 0.092518 0
970 -9 0.181312 -9 0.179272 0.321671 0.064269 -0.297714 0.052576 0.291023 0.122197 -0.261176 0.092518 0
980 -9 0.179158 -8 0.177682 0.323591 0.076423 -0.296612 0.054950 0.291023 0.122197 -0.261176 0.092518 0
990 -9 0.177159 -9 0.174908 0.328571 0.054600 -0.300207 0.055926 0.291023 0.122197 -0.261176 0.092518 0
1000 -9 0.174482 -8 0.168502 0.304092 0.067518 -0.300238 0.059516 0.291023 0.122197 -0.261176 0.092518 0
1010 -9 0.167053 -8 0.163957 0.301651 0.069598 -0.289338 0.059343 0.291023 0.122197 -0.261176 0.092518 0
1020 -9 0.163608 -8 0.156741 0.317547 0.076785 -0.299221 0.067288 0.291023 0.122197 -0.261176 0.092518 0
1030 -9 0.155042 -9 0.151688 0.324192 0.075577 -0.298775 0.067017 0.291023 0.122197 -0.261176 0.092518 0
1040 -9 0.151966 -9 0.160744 0.322636 0.074877 -0.302340 0.059241 0.291023 0.122197 -0.261176 0.092518 0
1050 -9 0.161767 -9 0.167105 0.306280 0.077610 -0.299151 0.061404 0.291023 0.122197 -0.261176 0.092518 0
1060 -9 0.166682 -9 0.172513 0.317581 0.072003 -0.308986 0.060157 0.291023 0.122197 -0.261176 0.092518 0
1070 -7 0.179653 -8 0.216552 0.314257 0.072976 -0.293359 0.065854 0.291023 0.122197 -0.261176 0.092518 0
1080 -6 0.232279 -8 0.268007 0.318186 0.072503 -0.307748 0.073077 0.291023 0.122197 -0.261176 0.092518 0
1090 -6 0.279163 -6 0.287687 0.310376 0.072067 -0.300590 0.067868 0.291023 0.122197 -0.261176 0.092518 0
1100 -6 0.286760 -5 0.284109 0.305687 0.067595 -0.293731 0.066010 0.291023 0.122197 -0.261176 0.092518 0
1110 -5 0.282451 -5 0.281225 0.317685 0.065938 -0.298174 0.060128 0.291023 0.122197 -0.261176 0.092518 0
1120 -6 0.279628 -6 0.278821 0.312321 0.061957 -0.308237 0.068804 0.291023 0.122197 -0.261176 0.092518 0
1130 -6 0.279663 -5 0.280002 0.316042 0.062556 -0.295562 0.065999 0.291023 0.122197 -0.261176 0.092518 0
1140 -5 0.274036 -5 0.266496 0.305578 0.069461 -0.301593 0.070998 0.291023 0.122197 -0.261176 0.092518 0
1150 -5 0.261491 -5 0.259072 0.313121 0.072216 -0.290259 0.067674 0.291023 0.122197 -0.261176 0.092518 0
1160 -5 0.257958 -5 0.254858 0.317473 0.080756 -0.297819 0.075820 0.291023 0.122197 -0.261176 0.092518 0
1170 -6 0.248577 -6 0.246420 0.308453 0.081656 -0.303264 0.067694 0.291023 0.122197 -0.261176 0.092518 0
1180 -6 0.247665 -6 0.248374 0.315185 0.076749 -0.290542 0.065043 0.291023 0.122197 -0.261176 0.092518 0
1190 -6 0.247455 -5 0.245621 0.313408 0.074211 -0.295974 0.063391 0.291023 0.122197 -0.261176 0.092518 0
1200 -4 0.252246 -5 0.262549 0.302687 0.070754 -0.298316 0.073455 0.291023 0.122197 -0.261176 0.092518 0
1210 -4 0.267803 -3 0.262558 0.324612 0.078409 -0.298665 0.078350 0.291023 0.122197 -0.261176 0.092518 0
1220 -3 0.269184 -6 0.292400 0.318063 0.070027 -0.309809 0.072008 0.291023 0.122197 -0.261176 0.092518 0
1230 -4 0.310074 -5 0.313391 0.311520 0.086652 -0.321430 0.070659 0.291023 0.122197 -0.261176 0.092518 0
1240 -4 0.313691 -4 0.312574 0.306323 0.074212 -0.304797 0.064598 0.291023 0.122197 -0.261176 0.092518 0
1250 -4 0.307767 -4 0.303512 0.321715 0.070722 -0.314294 0.068148 0.291023 0.122197 -0.261176 0.092518 0
1260 -4 0.300436 -4 0.299294 0.318947 0.082328 -0.302187 0.065671 0.291023 0.122197 -0.261176 0.092518 0
1270 -4 0.296148 -4 0.294033 0.306502 0.077594 -0.307703 0.076412 0.291023 0.122197 -0.261176 0.092518 0
1280 -4 0.292138 -4 0.290356 0.324629 0.073245 -0.303267 0.067645 0.291023 0.122197 -0.261176 0.092518 0
1290 -4 0.284943 -4 0.281571 0.312028 0.076027 -0.310073 0.077306 0.291023 0.122197 -0.261176 0.092518 0
1300 -4 0.276775 -4 0.274105 0.325358 0.069714 -0.297403 0.070075 0.291023 0.122197 -0.261176 0.092518 0
1310 -4 0.272815 -4 0.273014 0.311183 0.071466 -0.304003 0.076638 0.291023 0.122197 -0.261176 0.092518 0
1320 -4 0.274245 -4 0.274673 0.311297 0.078529 -0.307173 0.068541 0.291023 0.122197 -0.261176 0.092518 0
1330 -5 0.270905 -4 0.263056 0.332205 0.074083 -0.309797 0.067601 0.291023 0.122197 -0.261176 0.092518 0
1340 -6 0.245514 -6 0.233906 0.310459 0.076376 -0.310150 0.073604 0.291023 0.122197 -0.261176 0.092518 0
1350 -6 0.234876 -8 0.252877 0.322210 0.079717 -0.297599 0.070431 0.291023 0.122197 -0.261176 0.092518 0
1360 -6 0.260995 -7 0.267616 0.315113 0.069436 -0.312162 0.065300 0.291023 0.122197 -0.261176 0.092518 0
1370 -7 0.268376 -7 0.269435 0.303737 0.079511 -0.309207 0.064000 0.291023 0.122197 -0.261176 0.092518 0
1380 -7 0.270617 -7 0.275920 0.331081 0.067558 -0.320475 0.064810 0.291023 0.122197 -0.261176 0.092518 0
1390 -7 0.277862 -7 0.282842 0.312639 0.082617 -0.306684 0.069309 0.291023 0.122197 -0.261176 0.092518 0
1400 -6 0.285791 -7 0.289045 0.328023 0.082567 -0.314213 0.072941 0.291023 0.122197 -0.261176 0.092518 0
1410 -7 0.289612 -7 0.294893 0.331760 0.072742 -0.309398 0.072511 0.291023 0.122197 -0.261176 0.092518 0
1420 -6 0.297076 -7 0.298045 0.328660 0.071980 -0.330321 0.063405 0.291023 0.122197 -0.261176 0.092518 0
1430 -6 0.298729 -7 0.299348 0.339151 0.084709 -0.333744 0.061442 0.291023 0.122197 -0.261176 0.092518 0
1440 -7 0.300624 -7 0.310034 0.359651 0.073611 -0.337731 0.072273 0.291023 0.122197 -0.261176 0.092518 0
1450 -6 0.316064 -7 0.324799 0.342232 0.077923 -0.311574 0.079015 0.291023 0.122197 -0.261176 0.092518 0
1460 -6 0.326691 -7 0.334430 0.330578 0.080981 -0.319339 0.073841 0.291023 0.122197 -0.261176 0.092518 0
1470 -6 0.339396 -8 0.352416 0.340512 0.067250 -0.320799 0.071699 0.291023 0.122197 -0.261176 0.092518 0
1480 -6 0.362481 -6 0.374524 0.304593 0.077150 -0.317188 0.065011 0.291023 0.122197 -0.261176 0.092518 0
1490 -6 0.369803 -5 0.357848 0.316147 0.081016 -0.306782 0.068212 0.291023 0.122197 -0.261176 0.092518 0
1500 -5 0.352704 -5 0.352287 0.328701 0.072089 -0.312625 0.063694 0.291023 0.122197 -0.261176 0.092518 0
1510 -5 0.353131 -5 0.356331 0.328898 0.072355 -0.322430 0.066875 0.291023 0.122197 -0.261176 0.092518 0
1520 -5 0.364689 -6 0.377791 0.319184 0.071353 -0.308663 0.065041 0.291023 0.122197 -0.261176 0.092518 0
1530 -5 0.385286 -5 0.385591 0.311399 0.066060 -0.317499 0.063432 0.291023 0.122197 -0.261176 0.092518 0
1540 -6 0.382618 -6 0.381631 0.341205 0.066838 -0.331031 0.057202 0.291023 0.122197 -0.261176 0.092518 0
1550 -6 0.381452 -5 0.377395 0.353331 0.069193 -0.331567 0.062726 0.291023 0.122197 -0.261176 0.092518 0
1560 -6 0.366827 -6 0.360333 0.350379 0.076068 -0.344142 0.067557 0.291023 0.122197 -0.261176 0.092518 0
1570 -6 0.360318 -6 0.360491 0.340812 0.067174 -0.347477 0.073377 0.291023 0.122197 -0.261176 0.092518 0
1580 -6 0.360221 -6 0.357265 0.363663 0.072458 -0.345411 0.060303 0.291023 0.122197 -0.261176 0.092518 0
1590 -6 0.352154 -5 0.347242 0.374084 0.074992 -0.362885 0.065299 0.291023 0.122197 -0.261176 0.092518 0
1600 -5 0.348749 -6 0.353010 0.394256 0.073634 -0.378393 0.061081 0.291023 0.122197 -0.261176 0.092518 0
1610 -5 0.368798 -6 0.388988 0.386256 0.075733 -0.364171 0.067045 0.291023 0.122197 -0.261176 0.092518 0
1620 -5 0.394565 -4 0.389532 0.379738 0.070206 -0.369335 0.077266 0.291023 0.122197 -0.261176 0.092518 0
1630 -4 0.380988 -4 0.377702 0.374277 0.077464 -0.358458 0.065466 0.291023 0.122197 -0.261176 0.092518 0
1640 -4 0.372963 -4 0.370001 0.387692 0.070929 -0.351994 0.073120 0.291023 0.122197 -0.261176 0.092518 0
1650 -4 0.366620 -4 0.364305 0.385737 0.072792 -0.366481 0.070274 0.291023 0.122197 -0.261176 0.092518 0
1660 -4 0.362091 -4 0.361284 0.375580 0.067011 -0.349801 0.066355 0.291023 0.122197 -0.261176 0.092518 0
1670 -4 0.357413 -4 0.354095 0.378209 0.070875 -0.352111 0.068514 0.291023 0.122197 -0.261176 0.092518 0
1680 -4 0.352352 -4 0.352592 0.363380 0.071259 -0.355481 0.064307 0.291023 0.122197 -0.261176 0.092518 0
1690 -4 0.350865 -4 0.348214 0.390932 0.072485 -0.363968 0.066864 0.291023 0.122197 -0.261176 0.092518 0
1700 -4 0.345661 -4 0.346172 0.403279 0.082829 -0.378762 0.064511 0.291023 0.122197 -0.261176 0.092518 0
1710 -4 0.347290 -4 0.348232 0.406330 0.076541 -0.378370 0.063679 0.291023 0.122197 -0.261176 0.092518 0
1720 -4 0.350149 -4 0.350018 0.412868 0.072514 -0.382916 0.064244 0.291023 0.122197 -0.261176 0.092518 0
1730 -4 0.350103 -4 0.349362 0.408801 0.081416 -0.401987 0.056854 0.291023 0.122197 -0.261176 0.092518 0
1740 -4 0.358422 -5 0.370385 0.416706 0.078124 -0.387693 0.062343 0.291023 0.122197 -0.261176 0.092518 0
1750 -4 0.384559 -4 0.392023 0.402362 0.061289 -0.399884 0.055335 0.291023 0.122197 -0.261176 0.092518 0
1760 -3 0.395385 -3 0.395023 0.412501 0.062841 -0.400045 0.048215 0.291023 0.122197 -0.261176 0.092518 0
1770 -3 0.394589 -3 0.394607 0.398309 0.076038 -0.383383 0.060153 0.291023 0.122197 -0.261176 0.092518 0
1780 -3 0.394545 -3 0.394615 0.414017 0.060979 -0.384792 0.063406 0.291023 0.122197 -0.261176 0.092518 0
1790 -3 0.400455 -4 0.403975 0.403207 0.068759 -0.372145 0.058021 0.291023 0.122197 -0.261176 0.092518 0
1800 -3 0.411957 -4 0.418333 0.408927 0.068106 -0.382349 0.063287 0.291023 0.122197 -0.261176 0.092518 0
1810 -3 0.429606 -4 0.433793 0.428973 0.071393 -0.389881 0.057515 0.291023 0.122197 -0.261176 0.092518 0
1820 -3 0.444223 -4 0.451740 0.426748 0.062817 -0.391422 0.063500 0.291023 0.122197 -0.261176 0.092518 0
1830 -3 0.472869 -4 0.485248 0.425408 0.067071 -0.407124 0.062356 0.291023 0.122197 -0.261176 0.092518 0
1840 -3 0.495303 -3 0.495124 0.398725 0.071103 -0.388856 0.054858 0.291023 0.122197 -0.261176 0.092518 0
1850 -3 0.492854 -3 0.491972 0.400373 0.065215 -0.376833 0.059814 0.291023 0.122197 -0.261176 0.092518 0
1860 -3 0.492039 -3 0.492585 0.402181 0.062020 -0.383525 0.066102 0.291023 0.122197 -0.261176 0.092518 0
1870 -4 0.489469 -4 0.484273 0.402258 0.070746 -0.387518 0.063580 0.291023 0.122197 -0.261176 0.092518 0
1880 -4 0.472947 -3 0.462182 0.416353 0.063002 -0.386371 0.060397 0.291023 0.122197 -0.261176 0.092518 0
1890 -4 0.446351 -4 0.439862 0.396564 0.069881 -0.386646 0.057737 0.291023 0.122197 -0.261176 0.092518 0
1900 -4 0.437888 -4 0.438460 0.398675 0.066997 -0.384864 0.052653 0.291023 0.122197 -0.261176 0.092518 0
1910 -4 0.439040 -4 0.439526 0.395131 0.066453 -0.384757 0.061509 0.291023 0.122197 -0.261176 0.092518 0
1920 -4 0.440403 -4 0.439814 0.394989 0.075306 -0.377147 0.068931 0.291023 0.122197 -0.261176 0.092518 0
1930 -4 0.438431 -5 0.440455 0.393379 0.079788 -0.376909 0.068803 0.291023 0.122197 -0.261176 0.092518 0
1940 -4 0.452027 -5 0.462346 0.369949 0.070527 -0.360850 0.065084 0.291023 0.122197 -0.261176 0.092518 0
1950 -4 0.468597 -4 0.470642 0.381774 0.074899 -0.358106 0.064047 0.291023 0.122197 -0.261176 0.092518 0
1960 -4 0.473969 -5 0.481527 0.368234 0.074196 -0.359255 0.065151 0.291023 0.122197 -0.261176 0.092518 0
1970 -4 0.498481 -4 0.501563 0.364778 0.075741 -0.349645 0.064559 0.291023 0.122197 -0.261176 0.092518 1
1980 -4 0.495057 -4 0.494000 0.361178 0.070075 -0.348512 0.063646 0.291023 0.122197 -0.261176 0.092518 0
1990 -4 0.492784 -4 0.493515 0.357690 0.071182 -0.339560 0.069410 0.291023 0.122197 -0.261176 0.092518 0
2000 -4 0.493677 -4 0.490660 0.349581 0.070198 -0.336164 0.065545 0.291023 0.122197 -0.261176 0.092518 0
2010 -5 0.477546 -4 0.466863 0.355376 0.071605 -0.327574 0.065382 0.291023 0.122197 -0.261176 0.092518 0
2020 -5 0.451786 -3 0.435462 0.351876 0.065545 -0.342270 0.071223 0.291023 0.122197 -0.261176 0.092518 0
2030 -4 0.411313 -3 0.403755 0.343709 0.072593 -0.329906 0.064985 0.291023 0.122197 -0.261176 0.092518 0
2040 -3 0.399809 -3 0.400269 0.351176 0.072162 -0.344455 0.078399 0.291023 0.122197 -0.261176 0.092518 0
2050 -3 0.402815 -3 0.405165 0.358634 0.071380 -0.341490 0.071049 0.291023 0.122197 -0.261176 0.092518 0
2060 -3 0.406447 -3 0.405489 0.343574 0.071619 -0.344187 0.069892 0.291023 0.122197 -0.261176 0.092518 0
2070 -3 0.405577 -3 0.405129 0.336892 0.069669 -0.332326 0.068624 0.291023 0.122197 -0.261176 0.092518 0
2080 -3 0.403386 -3 0.405134 0.345396 0.076932 -0.318652 0.065599 0.291023 0.122197 -0.261176 0.092518 0
2090 -3 0.411934 -3 0.412270 0.346619 0.078890 -0.335473 0.068987 0.291023 0.122197 -0.261176 0.092518 0
2100 -3 0.413653 -3 0.415598 0.327141 0.072290 -0.334202 0.070843 0.291023 0.122197 -0.261176 0.092518 0
2110 -3 0.409773 -2 0.402689 0.349298 0.083975 -0.317356 0.074508 0.291023 0.122197 -0.261176 0.092518 0
2120 -2 0.390303 -2 0.389018 0.333555 0.087365 -0.315167 0.065799 0.291023 0.122197 -0.261176 0.092518 0
2130 -2 0.391750 -2 0.393368 0.349308 0.083299 -0.312232 0.071098 0.291023 0.122197 -0.261176 0.092518 0
2140 -1 0.421369 -2 0.428906 0.341117 0.079072 -0.322036 0.076672 0.291023 0.122197 -0.261176 0.092518 0
2150 -1 0.459134 -1 0.460527 0.346568 0.084996 -0.318981 0.069379 0.291023 0.122197 -0.261176 0.092518 0
2160 -1 0.454288 0 0.454027 0.355499 0.087882 -0.313315 0.071762 0.291023 0.122197 -0.261176 0.092518 0
2170 -1 0.441623 0 0.440414 0.351034 0.080784 -0.326699 0.063649 0.291023 0.122197 -0.261176 0.092518 0
2180 -1 0.437944 -1 0.437959 0.347829 0.080546 -0.318534 0.062137 0.291023 0.122197 -0.261176 0.092518 0
2190 -1 0.433689 0 0.432025 0.342370 0.079139 -0.315382 0.067450 0.291023 0.122197 -0.261176 0.092518 0
2200 0 0.415638 0 0.415638 0.351643 0.085976 -0.330798 0.070681 0.291023 0.122197 -0.261176 0.092518 0
2210 0 0.416048 0 0.416048 0.339199 0.092601 -0.304284 0.068045 0.291023 0.122197 -0.261176 0.092518 0
2220 0 0.420129 -1 0.420400 0.324400 0.093046 -0.311827 0.078500 0.291023 0.122197 -0.261176 0.092518 0
2230 0 0.436725 0 0.436725 0.319314 0.083028 -0.303275 0.071548 0.291023 0.122197 -0.261176 0.092518 0
2240 0 0.432733 0 0.432733 0.351400 0.093863 -0.299076 0.056654 0.291023 0.122197 -0.261176 0.092518 0
2250 0 0.428471 0 0.428471 0.316270 0.090127 -0.302526 0.069997 0.291023 0.122197 -0.261176 0.092518 0
2260 0 0.420660 0 0.420660 0.308065 0.072784 -0.284825 0.069111 0.291023 0.122197 -0.261176 0.092518 0
2270 0 0.422099 1 0.422628 0.310529 0.079950 -0.302912 0.073597 0.291023 0.122197 -0.261176 0.092518 0
2280 2 0.384230 2 0.390229 0.319544 0.075545 -0.284711 0.071256 0.291023 0.122197 -0.261176 0.092518 0
2290 1 0.378005 1 0.376914 0.314853 0.083701 -0.294450 0.058919 0.291023 0.122197 -0.261176 0.092518 0
2300 1 0.383880 1 0.383398 0.315021 0.084641 -0.284118 0.073403 0.291023 0.122197 -0.261176 0.092518 0
2310 1 0.385718 1 0.385734 0.317890 0.095806 -0.286579 0.063579 0.291023 0.122197 -0.261176 0.092518 0
2320 1 0.381696 1 0.382812 0.316978 0.081509 -0.299136 0.075085 0.291023 0.122197 -0.261176 0.092518 0
2330 1 0.366996 1 0.367599 0.324610 0.079628 -0.301341 0.070300 0.291023 0.122197 -0.261176 0.092518 0
2340 1 0.369174 1 0.369322 0.328072 0.088903 -0.305941 0.068321 0.291023 0.122197 -0.261176 0.092518 0
2350 1 0.354847 1 0.356674 0.316113 0.090049 -0.284313 0.065410 0.291023 0.122197 -0.261176 0.092518 0
2360 1 0.356031 1 0.354709 0.318058 0.080681 -0.287170 0.064792 0.291023 0.122197 -0.261176 0.092518 0
2370 2 0.361793 2 0.361832 0.310949 0.081951 -0.288627 0.061386 0.291023 0.122197 -0.261176 0.092518 0
2380 1 0.357940 2 0.359589 0.326164 0.083511 -0.289186 0.063558 0.291023 0.122197 -0.261176 0.092518 0
2390 1 0.346333 1 0.347685 0.309569 0.083052 -0.300977 0.071588 0.291023 0.122197 -0.261176 0.092518 0
2400 1 0.330887 1 0.329960 0.312481 0.087658 -0.294479 0.065387 0.291023 0.122197 -0.261176 0.092518 0
2410 2 0.320603 2 0.328884 0.307271 0.084102 -0.299244 0.068856 0.291023 0.122197 -0.261176 0.092518 0
2420 1 0.288642 2 0.290009 0.298443 0.081566 -0.302527 0.069980 0.291023 0.122197 -0.261176 0.092518 0
2430 1 0.295494 1 0.294550 0.318795 0.077103 -0.288846 0.071397 0.291023 0.122197 -0.261176 0.092518 0
2440 1 0.306393 0 0.305384 0.304058 0.090771 -0.294056 0.071827 0.291023 0.122197 -0.261176 0.092518 0
2450 1 0.314448 0 0.313948 0.296200 0.082447 -0.287869 0.064957 0.291023 0.122197 -0.261176 0.092518 0
2460 1 0.316104 1 0.316588 0.315744 0.080686 -0.297407 0.075948 0.291023 0.122197 -0.261176 0.092518 0
2470 1 0.318809 1 0.318068 0.302055 0.077074 -0.286868 0.056901 0.291023 0.122197 -0.261176 0.092518 0
2480 1 0.320869 1 0.321033 0.295335 0.066810 -0.276593 0.068130 0.291023 0.122197 -0.261176 0.092518 0
2490 1 0.312935 1 0.314246 0.299906 0.076125 -0.280143 0.054483 0.291023 0.122197 -0.261176 0.092518 0
2500 0 0.311892 0 0.311892 0.316101 0.072995 -0.281067 0.058348 0.291023 0.122197 -0.261176 0.092518 0
2510 0 0.304030 1 0.304260 0.315932 0.065891 -0.283860 0.051834 0.291023 0.122197 -0.261176 0.092518 0
2520 1 0.310497 0 0.306740 0.302861 0.070175 -0.289258 0.054163 0.291023 0.122197 -0.261176 0.092518 0
2530 3 0.344935 1 0.335825 0.298170 0.069268 -0.300302 0.056116 0.291023 0.122197 -0.261176 0.092518 0
2540 3 0.367656 3 0.373938 0.304872 0.073545 -0.289663 0.056920 0.291023 0.122197 -0.261176 0.092518 0
2550 3 0.337024 3 0.340514 0.297467 0.075024 -0.282114 0.058431 0.291023 0.122197 -0.261176 0.092518 0
2560 3 0.331907 3 0.333975 0.297978 0.071313 -0.286670 0.054469 0.291023 0.122197 -0.261176 0.092518 0
2570 3 0.325323 3 0.327422 0.304942 0.070350 -0.290383 0.060997 0.291023 0.122197 -0.261176 0.092518 0
2580 3 0.307665 3 0.311971 0.300626 0.074175 -0.288745 0.064350 0.291023 0.122197 -0.261176 0.092518 0
2590 2 0.293717 3 0.296768 0.310055 0.061866 -0.275894 0.055850 0.291023 0.122197 -0.261176 0.092518 0
2600 2 0.291993 2 0.292694 0.308275 0.066783 -0.300232 0.060814 0.291023 0.122197 -0.261176 0.092518 0
2610 3 0.268164 3 0.279272 0.308245 0.072891 -0.295369 0.051875 0.291023 0.122197 -0.261176 0.092518 0
2620 3 0.274692 3 0.273789 0.314034 0.071800 -0.294153 0.052349 0.291023 0.122197 -0.261176 0.092518 0
2630 3 0.258667 4 0.265584 0.305253 0.062941 -0.294351 0.053903 0.291023 0.122197 -0.261176 0.092518 0
2640 3 0.245698 3 0.247703 0.302796 0.061868 -0.294628 0.058519 0.291023 0.122197 -0.261176 0.092518 0
2650 3 0.230569 3 0.237485 0.302142 0.063888 -0.285172 0.059538 0.291023 0.122197 -0.261176 0.092518 0
2660 3 0.224777 3 0.224741 0.306177 0.063361 -0.282551 0.054157 0.291023 0.122197 -0.261176 0.092518 0
2670 3 0.223627 3 0.224208 0.317700 0.063770 -0.288771 0.054245 0.291023 0.122197 -0.261176 0.092518 0
2680 4 0.225341 3 0.220616 0.312256 0.057288 -0.280479 0.046518 0.291023 0.122197 -0.261176 0.092518 0
2690 4 0.238445 3 0.234123 0.308875 0.065360 -0.282200 0.050946 0.291023 0.122197 -0.261176 0.092518 0
2700 3 0.243423 3 0.244806 0.308346 0.066981 -0.292918 0.052295 0.291023 0.122197 -0.261176 0.092518 0
2710 3 0.248390 3 0.245223 0.311722 0.058052 -0.287693 0.058276 0.291023 0.122197 -0.261176 0.092518 0
2720 3 0.245360 3 0.248613 0.306735 0.070124 -0.294840 0.062051 0.291023 0.122197 -0.261176 0.092518 0
2730 3 0.246143 3 0.246436 0.309523 0.064781 -0.290080 0.050753 0.291023 0.122197 -0.261176 0.092518 0
2740 3 0.251474 3 0.247940 0.314616 0.067198 -0.312489 0.051724 0.291023 0.122197 -0.261176 0.092518 0
2750 4 0.254170 4 0.258149 0.326281 0.079688 -0.320017 0.067025 0.291023 0.122197 -0.261176 0.092518 0
2760 4 0.248480 4 0.247064 0.353477 0.086989 -0.330311 0.074342 0.291023 0.122197 -0.261176 0.092518 0
2770 4 0.248799 4 0.248492 0.352793 0.073880 -0.336808 0.078564 0.291023 0.122197 -0.261176 0.092518 0
2780 4 0.249843 4 0.251844 0.333436 0.070646 -0.334875 0.062775 0.291023 0.122197 -0.261176 0.092518 0
2790 4 0.267906 4 0.256517 0.340934 0.070804 -0.328866 0.076013 0.291023 0.122197 -0.261176 0.092518 0
2800 4 0.274579 4 0.274009 0.357525 0.070203 -0.338190 0.072144 0.291023 0.122197 -0.261176 0.092518 0
2810 4 0.287361 4 0.277366 0.339309 0.077851 -0.333376 0.066686 0.291023 0.122197 -0.261176 0.092518 0
2820 4 0.290232 4 0.294210 0.323489 0.070905 -0.332894 0.078380 0.291023 0.122197 -0.261176 0.092518 0
2830 4 0.267861 4 0.280163 0.332422 0.070907 -0.341210 0.067053 0.291023 0.122197 -0.261176 0.092518 0
2840 4 0.233891 4 0.244267 0.348272 0.068334 -0.348014 0.067626 0.291023 0.122197 -0.261176 0.092518 0
2850 4 0.234183 4 0.233971 0.355271 0.074874 -0.347164 0.073357 0.291023 0.122197 -0.261176 0.092518 0
2860 5 0.213425 5 0.226564 0.343794 0.063472 -0.340564 0.062768 0.291023 0.122197 -0.261176 0.092518 0
2870 5 0.208382 5 0.203577 0.337171 0.067506 -0.336606 0.053690 0.291023 0.122197 -0.261176 0.092518 0
2880 5 0.223105 5 0.218886 0.341804 0.068637 -0.351347 0.062008 0.291023 0.122197 -0.261176 0.092518 0
2890 5 0.223094 5 0.221888 0.360718 0.062536 -0.345083 0.065818 0.291023 0.122197 -0.261176 0.092518 0
2900 4 0.238041 4 0.233733 0.367566 0.069673 -0.343394 0.063399 0.291023 0.122197 -0.261176 0.092518 0
2910 4 0.225846 4 0.231665 0.346813 0.073346 -0.349088 0.068511 0.291023 0.122197 -0.261176 0.092518 0
2920 4 0.188812 5 0.207811 0.323118 0.056721 -0.310855 0.054314 0.291023 0.122197 -0.261176 0.092518 0
2930 5 0.173299 5 0.171629 0.310200 0.061646 -0.300444 0.048684 0.291023 0.122197 -0.261176 0.092518 0
2940 5 0.178282 5 0.174583 0.322939 0.061854 -0.301995 0.053808 0.291023 0.122197 -0.261176 0.092518 0
2950 5 0.168335 5 0.178427 0.310817 0.059669 -0.297482 0.056979 0.291023 0.122197 -0.261176 0.092518 0
2960 5 0.168772 5 0.163561 0.289672 0.054343 -0.296635 0.052259 0.291023 0.122197 -0.261176 0.092518 0
2970 6 0.188969 5 0.177426 0.301991 0.062454 -0.288618 0.056347 0.291023 0.122197 -0.261176 0.092518 0
2980 5 0.194977 5 0.192777 0.281496 0.056161 -0.276167 0.057526 0.291023 0.122197 -0.261176 0.092518 0
2990 5 0.195686 5 0.194957 0.271130 0.057724 -0.256525 0.050664 0.291023 0.122197 -0.261176 0.092518 0
3000 5 0.171380 5 0.187600 0.273272 0.052947 -0.265880 0.052356 0.291023 0.122197 -0.261176 0.092518 0
3010 5 0.153589 5 0.155656 0.271479 0.056069 -0.270987 0.056313 0.291023 0.122197 -0.261176 0.092518 0
3020 6 0.156619 5 0.153675 0.287755 0.057509 -0.263686 0.052634 0.291023 0.122197 -0.261176 0.092518 0
3030 6 0.152765 6 0.157541 0.274661 0.052930 -0.262661 0.051843 0.291023 0.122197 -0.261176 0.092518 0
3040 6 0.153422 6 0.149629 0.280205 0.062345 -0.265192 0.052464 0.291023 0.122197 -0.261176 0.092518 0
3050 5 0.151214 6 0.154831 0.289623 0.056442 -0.267249 0.056058 0.291023 0.122197 -0.261176 0.092518 0
3060 5 0.170979 5 0.150476 0.286096 0.056608 -0.282547 0.062206 0.291023 0.122197 -0.261176 0.092518 0
3070 5 0.186272 5 0.181963 0.293698 0.062126 -0.273238 0.050641 0.291023 0.122197 -0.261176 0.092518 0
3080 5 0.183790 5 0.193098 0.290247 0.060899 -0.265505 0.051226 0.291023 0.122197 -0.261176 0.092518 0
3090 5 0.166874 5 0.173381 0.269719 0.062070 -0.278182 0.053658 0.291023 0.122197 -0.261176 0.092518 0
3100 5 0.168809 5 0.170373 0.278064 0.064061 -0.264621 0.063233 0.291023 0.122197 -0.261176 0.092518 0
3110 4 0.150789 5 0.163543 0.278005 0.071002 -0.264724 0.053860 0.291023 0.122197 -0.261176 0.092518 0
3120 4 0.165482 4 0.149677 0.270084 0.061191 -0.266345 0.052901 0.291023 0.122197 -0.261176 0.092518 0
3130 4 0.166112 4 0.170735 0.290392 0.067215 -0.279048 0.063678 0.291023 0.122197 -0.261176 0.092518 0
3140 5 0.167812 4 0.165561 0.274609 0.064927 -0.267776 0.054346 0.291023 0.122197 -0.261176 0.092518 0
3150 5 0.183689 4 0.174795 0.283306 0.058203 -0.271398 0.058568 0.291023 0.122197 -0.261176 0.092518 0
3160 4 0.196067 4 0.194614 0.277061 0.065854 -0.281580 0.062784 0.291023 0.122197 -0.261176 0.092518 0
3170 4 0.186545 4 0.191726 0.290239 0.066638 -0.282379 0.056707 0.291023 0.122197 -0.261176 0.092518 0
3180 5 0.219759 4 0.192376 0.298310 0.061651 -0.283397 0.064405 0.291023 0.122197 -0.261176 0.092518 0
3190 5 0.240758 5 0.237216 0.284409 0.071356 -0.282448 0.067834 0.291023 0.122197 -0.261176 0.092518 0
3200 4 0.245484 4 0.245717 0.294797 0.077887 -0.287861 0.064452 0.291023 0.122197 -0.261176 0.092518 0
3210 4 0.248551 4 0.245941 0.287042 0.055786 -0.270623 0.058090 0.291023 0.122197 -0.261176 0.092518 0
3220 4 0.263907 4 0.257647 0.313062 0.067108 -0.289820 0.067202 0.291023 0.122197 -0.261176 0.092518 0
3230 4 0.269505 4 0.266046 0.306163 0.074642 -0.304410 0.069945 0.291023 0.122197 -0.261176 0.092518 0
3240 4 0.310171 4 0.295093 0.289873 0.076185 -0.284387 0.063762 0.291023 0.122197 -0.261176 0.092518 0
3250 4 0.315083 4 0.318225 0.275770 0.067838 -0.278918 0.064179 0.291023 0.122197 -0.261176 0.092518 0
3260 4 0.310921 4 0.309962 0.280974 0.071321 -0.267893 0.065427 0.291023 0.122197 -0.261176 0.092518 0
3270 4 0.312349 4 0.311802 0.250133 0.060712 -0.260547 0.052619 0.291023 0.122197 -0.261176 0.092518 0
3280 3 0.309682 4 0.313504 0.258361 0.068113 -0.254876 0.065849 0.291023 0.122197 -0.261176 0.092518 0
3290 3 0.323147 3 0.313377 0.266392 0.067320 -0.259327 0.059206 0.291023 0.122197 -0.261176 0.092518 0
3300 3 0.325950 3 0.325733 0.256676 0.073602 -0.255129 0.065005 0.291023 0.122197 -0.261176 0.092518 0
3310 3 0.331890 3 0.330702 0.255847 0.066152 -0.255216 0.057196 0.291023 0.122197 -0.261176 0.092518 0
3320 3 0.328505 4 0.330102 0.260985 0.064210 -0.239706 0.054659 0.291023 0.122197 -0.261176 0.092518 0
3330 3 0.329740 3 0.329039 0.275634 0.072612 -0.262103 0.064698 0.291023 0.122197 -0.261176 0.092518 0
3340 4 0.335366 4 0.328486 0.256264 0.066547 -0.261868 0.054893 0.291023 0.122197 -0.261176 0.092518 0
3350 4 0.395411 3 0.379286 0.261763 0.068168 -0.249627 0.054937 0.291023 0.122197 -0.261176 0.092518 0
3360 4 0.400182 4 0.399865 0.276816 0.063824 -0.263542 0.062787 0.291023 0.122197 -0.261176 0.092518 0
3370 4 0.388840 4 0.394123 0.262253 0.065760 -0.260731 0.063869 0.291023 0.122197 -0.261176 0.092518 0
3380 4 0.390365 4 0.389521 0.277986 0.060332 -0.267062 0.066641 0.291023 0.122197 -0.261176 0.092518 0
3390 4 0.397693 4 0.394806 0.286822 0.070461 -0.264043 0.062599 0.291023 0.122197 -0.261176 0.092518 0
3400 3 0.388823 4 0.389768 0.269750 0.076724 -0.262594 0.061695 0.291023 0.122197 -0.261176 0.092518 0
3410 3 0.419571 3 0.408046 0.295393 0.066421 -0.271126 0.069500 0.291023 0.122197 -0.261176 0.092518 0
3420 3 0.427519 3 0.428020 0.290700 0.070895 -0.279415 0.064647 0.291023 0.122197 -0.261176 0.092518 0
3430 3 0.421532 3 0.423505 0.280138 0.074073 -0.283625 0.060742 0.291023 0.122197 -0.261176 0.092518 0
3440 3 0.411091 3 0.414485 0.290459 0.073263 -0.277574 0.063570 0.291023 0.122197 -0.261176 0.092518 0
3450 3 0.408727 3 0.408325 0.295113 0.065099 -0.294901 0.072315 0.291023 0.122197 -0.261176 0.092518 0
3460 3 0.405951 3 0.404559 0.293442 0.074931 -0.286459 0.071064 0.291023 0.122197 -0.261176 0.092518 0
3470 3 0.410669 3 0.409700 0.269228 0.064499 -0.265789 0.065591 0.291023 0.122197 -0.261176 0.092518 0
3480 3 0.408667 3 0.409995 0.292363 0.081170 -0.279955 0.076714 0.291023 0.122197 -0.261176 0.092518 0
3490 3 0.404896 3 0.406192 0.287274 0.064501 -0.284869 0.067908 0.291023 0.122197 -0.261176 0.092518 0
3500 3 0.401070 3 0.401156 0.273970 0.066712 -0.275970 0.069095 0.291023 0.122197 -0.261176 0.092518 0
3510 3 0.403039 3 0.402174 0.288332 0.067993 -0.267967 0.069985 0.291023 0.122197 -0.261176 0.092518 0
3520 3 0.401204 3 0.404538 0.278765 0.076488 -0.277315 0.072883 0.291023 0.122197 -0.261176 0.092518 0
3530 3 0.381272 3 0.383111 0.286721 0.067433 -0.264071 0.074746 0.291023 0.122197 -0.261176 0.092518 0
3540 3 0.382699 3 0.385199 0.286415 0.081289 -0.264871 0.072431 0.291023 0.122197 -0.261176 0.092518 0
3550 3 0.382039 3 0.380657 0.276970 0.069356 -0.282717 0.064281 0.291023 0.122197 -0.261176 0.092518 0
3560 3 0.382015 3 0.381619 0.300972 0.076948 -0.295424 0.064949 0.291023 0.122197 -0.261176 0.092518 0
3570 2 0.365100 3 0.373419 0.284653 0.074207 -0.279732 0.063395 0.291023 0.122197 -0.261176 0.092518 0
3580 2 0.363180 2 0.358066 0.290281 0.073406 -0.275585 0.053673 0.291023 0.122197 -0.261176 0.092518 0
3590 1 0.385550 1 0.384946 0.312250 0.075133 -0.306413 0.073083 0.291023 0.122197 -0.261176 0.092518 0
3600 1 0.364709 1 0.366651 0.308041 0.079930 -0.287291 0.070069 0.291023 0.122197 -0.261176 0.092518 0
3610 1 0.353289 1 0.354171 0.306603 0.071049 -0.293276 0.064366 0.291023 0.122197 -0.261176 0.092518 0
3620 1 0.348477 1 0.348595 0.304709 0.082930 -0.297339 0.071029 0.291023 0.122197 -0.261176 0.092518 0
3630 1 0.359922 1 0.356604 0.282156 0.080359 -0.272976 0.075606 0.291023 0.122197 -0.261176 0.092518 0
3640 1 0.409045 1 0.405476 0.294587 0.078286 -0.291798 0.067489 0.291023 0.122197 -0.261176 0.092518 0
3650 1 0.414703 1 0.415886 0.277405 0.080112 -0.264741 0.075890 0.291023 0.122197 -0.261176 0.092518 0
3660 1 0.407219 0 0.406994 0.283316 0.079741 -0.285878 0.070374 0.291023 0.122197 -0.261176 0.092518 0
3670 0 0.411581 0 0.411581 0.299515 0.063642 -0.302446 0.062128 0.291023 0.122197 -0.261176 0.092518 0
3680 0 0.420812 0 0.420812 0.310474 0.071989 -0.301875 0.062473 0.291023 0.122197 -0.261176 0.092518 0
3690 0 0.413818 0 0.413818 0.325957 0.081284 -0.311092 0.075189 0.291023 0.122197 -0.261176 0.092518 0
3700 0 0.407096 0 0.407096 0.320137 0.067814 -0.315080 0.073725 0.291023 0.122197 -0.261176 0.092518 0
3710 0 0.406333 0 0.406333 0.310203 0.077893 -0.311942 0.069897 0.291023 0.122197 -0.261176 0.092518 0
3720 0 0.417061 0 0.417061 0.323301 0.071357 -0.314501 0.068279 0.291023 0.122197 -0.261176 0.092518 0
3730 0 0.426266 0 0.426266 0.347441 0.077916 -0.331550 0.072007 0.291023 0.122197 -0.261176 0.092518 0
3740 0 0.422853 0 0.422853 0.355691 0.075189 -0.345391 0.064471 0.291023 0.122197 -0.261176 0.092518 0
3750 0 0.433929 0 0.433929 0.347755 0.080257 -0.342994 0.078852 0.291023 0.122197 -0.261176 0.092518 0
3760 0 0.432269 0 0.432269 0.351184 0.074949 -0.336857 0.077001 0.291023 0.122197 -0.261176 0.092518 0
3770 0 0.440872 0 0.440872 0.332019 0.077926 -0.344845 0.064958 0.291023 0.122197 -0.261176 0.092518 0
3780 0 0.445678 0 0.445678 0.327369 0.070130 -0.337636 0.067354 0.291023 0.122197 -0.261176 0.092518 0
3790 0 0.447719 0 0.447719 0.351021 0.081059 -0.336301 0.070384 0.291023 0.122197 -0.261176 0.092518 0
3800 0 0.445586 0 0.445586 0.343966 0.068132 -0.344964 0.071082 0.291023 0.122197 -0.261176 0.092518 0
3810 0 0.444093 0 0.444093 0.328877 0.077133 -0.335061 0.072860 0.291023 0.122197 -0.261176 0.092518 0
3820 0 0.428676 0 0.428676 0.324480 0.074492 -0.323809 0.084408 0.291023 0.122197 -0.261176 0.092518 0
3830 1 0.443836 0 0.443611 0.338218 0.082592 -0.334510 0.089401 0.291023 0.122197 -0.261176 0.092518 0
3840 1 0.461711 0 0.461577 0.346540 0.075771 -0.343451 0.067145 0.291023 0.122197 -0.261176 0.092518 0
3850 0 0.464327 0 0.464327 0.362495 0.067213 -0.358511 0.063421 0.291023 0.122197 -0.261176 0.092518 0
3860 0 0.464937 0 0.464937 0.378467 0.071983 -0.367800 0.065712 0.291023 0.122197 -0.261176 0.092518 0
3870 0 0.462485 0 0.462485 0.403874 0.059806 -0.395076 0.058110 0.291023 0.122197 -0.261176 0.092518 0
3880 0 0.464520 0 0.464520 0.414482 0.066711 -0.394130 0.064115 0.291023 0.122197 -0.261176 0.092518 0
3890 0 0.478596 0 0.478596 0.405519 0.080034 -0.404501 0.061509 0.291023 0.122197 -0.261176 0.092518 0
3900 0 0.478655 1 0.478936 0.423798 0.065003 -0.410425 0.057991 0.291023 0.122197 -0.261176 0.092518 0
3910 1 0.473726 1 0.472918 0.469379 0.064179 -0.439454 0.065666 0.291023 0.122197 -0.261176 0.092518 0
3920 1 0.493167 1 0.490376 0.449655 0.085055 -0.436907 0.079179 0.291023 0.122197 -0.261176 0.092518 0
3930 1 0.518868 1 0.517709 0.445941 0.066858 -0.431089 0.070570 0.291023 0.122197 -0.261176 0.092518 1
3940 1 0.521965 1 0.521186 0.438847 0.064034 -0.418439 0.062471 0.291023 0.122197 -0.261176 0.092518 1
3950 1 0.532434 1 0.531784 0.436304 0.075332 -0.417251 0.069041 0.291023 0.122197 -0.261176 0.092518 1
3960 1 0.527159 1 0.527581 0.432286 0.068609 -0.417082 0.064366 0.291023 0.122197 -0.261176 0.092518 1
3970 1 0.526797 1 0.526723 0.423650 0.072770 -0.406533 0.075365 0.291023 0.122197 -0.261176 0.092518 1
3980 1 0.519375 1 0.521126 0.431439 0.071783 -0.411590 0.058569 0.291023 0.122197 -0.261176 0.092518 1
3990 1 0.506466 1 0.507403 0.435998 0.075324 -0.428825 0.075840 0.291023 0.122197 -0.261176 0.092518 0
4000 1 0.501338 1 0.501649 0.429127 0.075207 -0.422770 0.070313 0.291023 0.122197 -0.261176 0.092518 0
4010 1 0.487668 1 0.489973 0.446682 0.072588 -0.436234 0.065151 0.291023 0.122197 -0.261176 0.092518 0
4020 1 0.477274 1 0.477054 0.473594 0.075452 -0.453428 0.067815 0.291023 0.122197 -0.261176 0.092518 0
4030 1 0.478055 1 0.478232 0.482091 0.085724 -0.466427 0.073182 0.291023 0.122197 -0.261176 0.092518 0
4040 2 0.483422 1 0.480403 0.472833 0.080461 -0.460852 0.069215 0.291023 0.122197 -0.261176 0.092518 0
4050 2 0.504452 1 0.502958 0.463736 0.074350 -0.448300 0.061954 0.291023 0.122197 -0.261176 0.092518 0
4060 1 0.506287 1 0.506654 0.485014 0.076327 -0.463308 0.074083 0.291023 0.122197 -0.261176 0.092518 0
4070 1 0.506775 1 0.506456 0.465166 0.089672 -0.448010 0.082507 0.291023 0.122197 -0.261176 0.092518 0
4080 1 0.511365 1 0.510832 0.477854 0.084863 -0.457760 0.078013 0.291023 0.122197 -0.261176 0.092518 0
4090 1 0.503339 1 0.504991 0.487140 0.077462 -0.464061 0.075547 0.291023 0.122197 -0.261176 0.092518 0
4100 1 0.514960 1 0.512479 0.460721 0.081903 -0.434565 0.082470 0.291023 0.122197 -0.261176 0.092518 0
4110 1 0.530026 1 0.529436 0.478009 0.086192 -0.460596 0.080731 0.291023 0.122197 -0.261176 0.092518 0
4120 0 0.516794 0 0.516794 0.485427 0.096548 -0.465843 0.083840 0.291023 0.122197 -0.261176 0.092518 0
4130 0 0.506326 0 0.506326 0.461065 0.095738 -0.449908 0.084037 0.291023 0.122197 -0.261176 0.092518 0
4140 0 0.501036 0 0.501036 0.479616 0.100235 -0.460693 0.089700 0.291023 0.122197 -0.261176 0.092518 0
4150 0 0.491975 0 0.491975 0.457438 0.101788 -0.427132 0.101609 0.291023 0.122197 -0.261176 0.092518 0
4160 0 0.519053 -1 0.519121 0.466475 0.101968 -0.446844 0.087258 0.291023 0.122197 -0.261176 0.092518 0
4170 0 0.545633 0 0.545633 0.485160 0.103313 -0.457477 0.093759 0.291023 0.122197 -0.261176 0.092518 0
4180 0 0.544615 0 0.544615 0.472152 0.103875 -0.450816 0.084849 0.291023 0.122197 -0.261176 0.092518 0
4190 0 0.548379 0 0.548379 0.477051 0.097043 -0.456158 0.089840 0.291023 0.122197 -0.261176 0.092518 0
4200 0 0.549752 0 0.549752 0.466187 0.104772 -0.456736 0.089841 0.291023 0.122197 -0.261176 0.092518 0
4210 0 0.547471 0 0.547471 0.447788 0.115048 -0.419941 0.103101 0.291023 0.122197 -0.261176 0.092518 0
4220 0 0.562320 0 0.562320 0.450808 0.114954 -0.425744 0.092032 0.291023 0.122197 -0.261176 0.092518 0
4230 0 0.573329 0 0.573329 0.452060 0.108903 -0.433663 0.095603 0.291023 0.122197 -0.261176 0.092518 1
4240 0 0.576281 0 0.576281 0.462424 0.113562 -0.439179 0.090545 0.291023 0.122197 -0.261176 0.092518 1
4250 0 0.580397 0 0.580397 0.431991 0.123218 -0.401748 0.111646 0.291023 0.122197 -0.261176 0.092518 1
4260 0 0.586293 0 0.586293 0.473897 0.101619 -0.438972 0.091893 0.291023 0.122197 -0.261176 0.092518 1
4270 0 0.589600 0 0.589600 0.443233 0.125062 -0.415390 0.110035 0.291023 0.122197 -0.261176 0.092518 1
4280 0 0.602901 0 0.602901 0.457703 0.098726 -0.435469 0.089672 0.291023 0.122197 -0.261176 0.092518 1
4290 0 0.616566 0 0.616566 0.430175 0.117036 -0.412154 0.096877 0.291023 0.122197 -0.261176 0.092518 1
4300 0 0.618207 0 0.618207 0.454219 0.116727 -0.425693 0.103168 0.291023 0.122197 -0.261176 0.092518 1
4310 0 0.620697 0 0.620697 0.456840 0.110984 -0.426951 0.099233 0.291023 0.122197 -0.261176 0.092518 1
4320 0 0.623328 0 0.623328 0.464792 0.121650 -0.447617 0.106305 0.291023 0.122197 -0.261176 0.092518 1
4330 0 0.634226 0 0.634226 0.466423 0.117648 -0.438150 0.105441 0.291023 0.122197 -0.261176 0.092518 1
4340 0 0.644352 0 0.644352 0.448556 0.106074 -0.430635 0.096360 0.291023 0.122197 -0.261176 0.092518 1
4350 0 0.652474 0 0.652474 0.492118 0.117464 -0.464168 0.100060 0.291023 0.122197 -0.261176 0.092518 1
4360 0 0.651436 0 0.651436 0.476597 0.128464 -0.449613 0.112932 0.291023 0.122197 -0.261176 0.092518 1
4370 0 0.655887 0 0.655887 0.467426 0.111860 -0.440582 0.104167 0.291023 0.122197 -0.261176 0.092518 1
4380 0 0.661298 1 0.661377 0.476326 0.125386 -0.449689 0.098883 0.291023 0.122197 -0.261176 0.092518 1
4390 1 0.659021 1 0.658506 0.496381 0.108109 -0.469009 0.094892 0.291023 0.122197 -0.261176 0.092518 1
4400 1 0.685130 1 0.681920 0.508053 0.102723 -0.487378 0.093094 0.291023 0.122197 -0.261176 0.092518 1
4410 1 0.700038 1 0.699130 0.504761 0.114572 -0.477123 0.095053 0.291023 0.122197 -0.261176 0.092518 1
4420 1 0.699749 1 0.699932 0.506952 0.106957 -0.483006 0.095170 0.291023 0.122197 -0.261176 0.092518 1
4430 1 0.697460 1 0.697765 0.502932 0.102511 -0.478966 0.091715 0.291023 0.122197 -0.261176 0.092518 1
4440 0 0.693435 1 0.693475 0.530811 0.089791 -0.502842 0.092570 0.291023 0.122197 -0.261176 0.092518 1
4450 0 0.693246 0 0.693246 0.525929 0.112823 -0.494880 0.096229 0.291023 0.122197 -0.261176 0.092518 1
4460 0 0.698184 0 0.698184 0.507907 0.117250 -0.480152 0.105064 0.291023 0.122197 -0.261176 0.092518 1
4470 0 0.709339 0 0.709339 0.526944 0.109379 -0.504775 0.096089 0.291023 0.122197 -0.261176 0.092518 1
4480 0 0.706600 0 0.706600 0.516038 0.096154 -0.493495 0.079471 0.291023 0.122197 -0.261176 0.092518 1
4490 0 0.706967 0 0.706967 0.512684 0.112948 -0.489851 0.103771 0.291023 0.122197 -0.261176 0.092518 1
4500 0 0.712529 0 0.712529 0.527626 0.096832 -0.503324 0.094038 0.291023 0.122197 -0.261176 0.092518 1
4510 0 0.712393 0 0.712393 0.485134 0.129484 -0.472503 0.115946 0.291023 0.122197 -0.261176 0.092518 1
4520 0 0.709295 0 0.709295 0.471998 0.122141 -0.459161 0.116206 0.291023 0.122197 -0.261176 0.092518 1
4530 0 0.709453 0 0.709453 0.502795 0.107956 -0.477135 0.102426 0.291023 0.122197 -0.261176 0.092518 1
4540 0 0.708446 0 0.708446 0.488082 0.108303 -0.466818 0.099948 0.291023 0.122197 -0.261176 0.092518 1
4550 0 0.698021 0 0.698021 0.475891 0.094816 -0.461923 0.096804 0.291023 0.122197 -0.261176 0.092518 1
4560 0 0.711018 -1 0.711601 0.491558 0.093083 -0.473772 0.089391 0.291023 0.122197 -0.261176 0.092518 1
4570 -1 0.710632 0 0.710041 0.479262 0.094844 -0.466402 0.090166 0.291023 0.122197 -0.261176 0.092518 1
4580 0 0.702611 0 0.702611 0.484674 0.098985 -0.467924 0.092992 0.291023 0.122197 -0.261176 0.092518 1
4590 0 0.703707 0 0.703707 0.491012 0.095119 -0.469163 0.089766 0.291023 0.122197 -0.261176 0.092518 1
4600 0 0.703794 0 0.703794 0.496418 0.102333 -0.473836 0.100024 0.291023 0.122197 -0.261176 0.092518 1
4610 0 0.705973 0 0.705973 0.496317 0.087281 -0.478874 0.093917 0.291023 0.122197 -0.261176 0.092518 1
4620 0 0.717139 0 0.717139 0.493886 0.102803 -0.476264 0.091309 0.291023 0.122197 -0.261176 0.092518 1
4630 0 0.717348 0 0.717348 0.519819 0.081279 -0.498410 0.077640 0.291023 0.122197 -0.261176 0.092518 1
4640 0 0.720917 0 0.720917 0.511477 0.088946 -0.484266 0.091145 0.291023 0.122197 -0.261176 0.092518 1
4650 0 0.719691 0 0.719691 0.513319 0.093789 -0.487951 0.085440 0.291023 0.122197 -0.261176 0.092518 1
4660 0 0.725674 0 0.725674 0.512176 0.081106 -0.482296 0.081109 0.291023 0.122197 -0.261176 0.092518 1
4670 0 0.740752 0 0.740752 0.508203 0.088361 -0.489369 0.081261 0.291023 0.122197 -0.261176 0.092518 1
4680 0 0.744946 0 0.744946 0.511138 0.081196 -0.482451 0.076130 0.291023 0.122197 -0.261176 0.092518 1
4690 0 0.745602 0 0.745602 0.510477 0.083050 -0.484436 0.069725 0.291023 0.122197 -0.261176 0.092518 1
4700 0 0.747296 0 0.747296 0.519625 0.087176 -0.502615 0.076143 0.291023 0.122197 -0.261176 0.092518 1
4710 0 0.750830 0 0.750830 0.514435 0.090027 -0.483980 0.090679 0.291023 0.122197 -0.261176 0.092518 1
4720 0 0.747301 0 0.747301 0.500985 0.095845 -0.481490 0.080964 0.291023 0.122197 -0.261176 0.092518 1
4730 0 0.738193 0 0.738193 0.501272 0.091761 -0.471007 0.080148 0.291023 0.122197 -0.261176 0.092518 1
4740 -1 0.730027 -1 0.728854 0.512338 0.092282 -0.486804 0.089260 0.291023 0.122197 -0.261176 0.092518 1
4750 -1 0.720266 -1 0.720008 0.521820 0.086881 -0.501031 0.078587 0.291023 0.122197 -0.261176 0.092518 1
4760 -1 0.724224 -1 0.724845 0.514327 0.092568 -0.504459 0.076346 0.291023 0.122197 -0.261176 0.092518 1
4770 -1 0.727028 -1 0.726510 0.493918 0.093689 -0.475798 0.087670 0.291023 0.122197 -0.261176 0.092518 1
4780 -1 0.723060 -1 0.724170 0.476740 0.096292 -0.465728 0.083354 0.291023 0.122197 -0.261176 0.092518 1
4790 -1 0.738586 -1 0.739866 0.497233 0.094235 -0.473639 0.091085 0.291023 0.122197 -0.261176 0.092518 1
4800 -1 0.745271 -1 0.745260 0.482836 0.091395 -0.465913 0.077169 0.291023 0.122197 -0.261176 0.092518 1
4810 -1 0.746105 -1 0.746233 0.493049 0.081589 -0.485255 0.080674 0.291023 0.122197 -0.261176 0.092518 1
4820 -1 0.745381 -1 0.744577 0.488675 0.088223 -0.471823 0.088076 0.291023 0.122197 -0.261176 0.092518 1
4830 -1 0.741220 -1 0.741475 0.479997 0.085390 -0.463311 0.080110 0.291023 0.122197 -0.261176 0.092518 1
4840 -1 0.741472 -1 0.740835 0.503742 0.093737 -0.484783 0.077147 0.291023 0.122197 -0.261176 0.092518 1
4850 -1 0.734991 -1 0.734268 0.475819 0.091185 -0.469893 0.086722 0.291023 0.122197 -0.261176 0.092518 1
4860 -1 0.728064 -1 0.727392 0.484168 0.095986 -0.468310 0.088952 0.291023 0.122197 -0.261176 0.092518 1
4870 -1 0.721305 -1 0.721009 0.458673 0.088338 -0.442210 0.092573 0.291023 0.122197 -0.261176 0.092518 1
4880 -1 0.716039 -1 0.714901 0.483837 0.103617 -0.463620 0.101397 0.291023 0.122197 -0.261176 0.092518 1
4890 -1 0.709430 -1 0.709534 0.495319 0.102878 -0.485939 0.087997 0.291023 0.122197 -0.261176 0.092518 1
4900 -1 0.700176 -1 0.698443 0.475153 0.087087 -0.450936 0.091254 0.291023 0.122197 -0.261176 0.092518 1
4910 -1 0.686241 -1 0.685420 0.472443 0.098911 -0.458593 0.091336 0.291023 0.122197 -0.261176 0.092518 1
4920 -1 0.683453 -1 0.683661 0.470018 0.093849 -0.453978 0.085229 0.291023 0.122197 -0.261176 0.092518 1
4930 -1 0.686525 -1 0.687165 0.478494 0.090332 -0.467950 0.084956 0.291023 0.122197 -0.261176 0.092518 1
4940 -1 0.694304 -1 0.694573 0.457290 0.093426 -0.448339 0.088676 0.291023 0.122197 -0.261176 0.092518 1
4950 -1 0.695524 -1 0.695488 0.446726 0.085577 -0.446418 0.087274 0.291023 0.122197 -0.261176 0.092518 1
4960 -1 0.687814 0 0.687016 0.463522 0.089479 -0.441821 0.083932 0.291023 0.122197 -0.261176 0.092518 1
4970 -1 0.678615 0 0.678333 0.467641 0.091607 -0.455691 0.079958 0.291023 0.122197 -0.261176 0.092518 1
4980 0 0.676556 0 0.676556 0.471252 0.092683 -0.459476 0.088015 0.291023 0.122197 -0.261176 0.092518 1
4990 0 0.673960 0 0.673960 0.463994 0.098452 -0.447948 0.087371 0.291023 0.122197 -0.261176 0.092518 1
5000 0 0.671437 0 0.671437 0.475191 0.087373 -0.465297 0.096724 0.291023 0.122197 -0.261176 0.092518 1
5010 0 0.674113 0 0.674113 0.461739 0.090401 -0.440436 0.085824 0.291023 0.122197 -0.261176 0.092518 1
5020 0 0.659101 0 0.659101 0.470653 0.087852 -0.453459 0.081081 0.291023 0.122197 -0.261176 0.092518 1
5030 0 0.642291 0 0.642291 0.465973 0.096520 -0.457539 0.082215 0.291023 0.122197 -0.261176 0.092518 1
5040 1 0.647739 0 0.647342 0.440733 0.087937 -0.435205 0.086989 0.291023 0.122197 -0.261176 0.092518 1
5050 1 0.645923 1 0.646438 0.442280 0.084023 -0.425293 0.075307 0.291023 0.122197 -0.261176 0.092518 1
5060 1 0.634754 1 0.636310 0.466196 0.086408 -0.446640 0.073801 0.291023 0.122197 -0.261176 0.092518 1
5070 1 0.628951 1 0.628941 0.451030 0.079142 -0.436919 0.079458 0.291023 0.122197 -0.261176 0.092518 1
5080 0 0.616541 1 0.618143 0.452559 0.077255 -0.435924 0.076863 0.291023 0.122197 -0.261176 0.092518 1
5090 0 0.602967 0 0.602967 0.424703 0.078097 -0.409696 0.082149 0.291023 0.122197 -0.261176 0.092518 1
5100 0 0.599313 0 0.599313 0.414785 0.090362 -0.422065 0.090254 0.291023 0.122197 -0.261176 0.092518 1
5110 0 0.588805 0 0.588805 0.425721 0.091113 -0.412415 0.084131 0.291023 0.122197 -0.261176 0.092518 1
5120 0 0.591520 0 0.591520 0.436937 0.087272 -0.427600 0.086870 0.291023 0.122197 -0.261176 0.092518 1
5130 0 0.596331 0 0.596331 0.401892 0.084209 -0.395530 0.080405 0.291023 0.122197 -0.261176 0.092518 1
5140 0 0.590409 1 0.590576 0.416861 0.091135 -0.406161 0.079956 0.291023 0.122197 -0.261176 0.092518 1
5150 0 0.582863 0 0.582863 0.419580 0.086192 -0.414482 0.083523 0.291023 0.122197 -0.261176 0.092518 1
5160 0 0.582939 0 0.582939 0.425047 0.089707 -0.408738 0.089235 0.291023 0.122197 -0.261176 0.092518 1
5170 0 0.580286 0 0.580286 0.418377 0.081119 -0.396938 0.080581 0.291023 0.122197 -0.261176 0.092518 1
5180 0 0.586945 0 0.586945 0.403785 0.094976 -0.396224 0.087167 0.291023 0.122197 -0.261176 0.092518 1
5190 0 0.599958 0 0.599958 0.403490 0.091749 -0.390835 0.092496 0.291023 0.122197 -0.261176 0.092518 1
5200 0 0.585975 1 0.586877 0.377206 0.089126 -0.377112 0.070450 0.291023 0.122197 -0.261176 0.092518 1
5210 0 0.562155 1 0.562494 0.403619 0.079800 -0.384705 0.075154 0.291023 0.122197 -0.261176 0.092518 1
5220 1 0.561776 1 0.561477 0.383169 0.085932 -0.382494 0.081375 0.291023 0.122197 -0.261176 0.092518 1
5230 1 0.567148 1 0.566831 0.383894 0.085904 -0.372657 0.074758 0.291023 0.122197 -0.261176 0.092518 1
5240 1 0.562107 1 0.563257 0.373870 0.081419 -0.363887 0.072100 0.291023 0.122197 -0.261176 0.092518 1
5250 1 0.554727 1 0.553663 0.367553 0.087493 -0.362153 0.078954 0.291023 0.122197 -0.261176 0.092518 1
5260 2 0.570289 1 0.567788 0.354791 0.076818 -0.355720 0.077916 0.291023 0.122197 -0.261176 0.092518 1
5270 2 0.570738 2 0.572855 0.366210 0.091444 -0.360371 0.079689 0.291023 0.122197 -0.261176 0.092518 1
5280 2 0.578853 2 0.573495 0.366827 0.078454 -0.349590 0.074458 0.291023 0.122197 -0.261176 0.092518 1
5290 2 0.585369 2 0.586446 0.361532 0.067908 -0.355696 0.075493 0.291023 0.122197 -0.261176 0.092518 1
5300 2 0.581169 2 0.581534 0.345073 0.084551 -0.337301 0.073811 0.291023 0.122197 -0.261176 0.092518 1
5310 2 0.579270 2 0.578430 0.351676 0.078907 -0.346563 0.076159 0.291023 0.122197 -0.261176 0.092518 1
5320 2 0.583480 2 0.584131 0.340722 0.076473 -0.316621 0.063981 0.291023 0.122197 -0.261176 0.092518 1
5330 2 0.570526 2 0.572552 0.337735 0.075550 -0.321347 0.076966 0.291023 0.122197 -0.261176 0.092518 1
5340 3 0.570034 2 0.564614 0.342357 0.081031 -0.332482 0.072001 0.291023 0.122197 -0.261176 0.092518 1
5350 3 0.595660 3 0.590067 0.326345 0.063460 -0.324702 0.066169 0.291023 0.122197 -0.261176 0.092518 1
5360 3 0.595749 3 0.599754 0.318845 0.074201 -0.325806 0.062246 0.291023 0.122197 -0.261176 0.092518 1
5370 4 0.589925 4 0.588519 0.317099 0.060564 -0.313015 0.072046 0.291023 0.122197 -0.261176 0.092518 1
5380 4 0.592973 4 0.593653 0.319325 0.065546 -0.323279 0.069852 0.291023 0.122197 -0.261176 0.092518 1
5390 3 0.561750 4 0.577526 0.322193 0.072538 -0.318053 0.061397 0.291023 0.122197 -0.261176 0.092518 1
5400 3 0.542578 4 0.545872 0.296226 0.064664 -0.292162 0.070173 0.291023 0.122197 -0.261176 0.092518 1
5410 3 0.519153 4 0.526984 0.300478 0.063915 -0.298089 0.067153 0.291023 0.122197 -0.261176 0.092518 1
5420 3 0.508562 3 0.510531 0.305526 0.067976 -0.287464 0.061415 0.291023 0.122197 -0.261176 0.092518 1
5430 3 0.501380 3 0.503981 0.302590 0.064724 -0.290634 0.059265 0.291023 0.122197 -0.261176 0.092518 1
5440 3 0.490029 3 0.493866 0.295241 0.054686 -0.295408 0.058388 0.291023 0.122197 -0.261176 0.092518 0
5450 3 0.475942 3 0.480323 0.290084 0.063426 -0.281353 0.064252 0.291023 0.122197 -0.261176 0.092518 0
5460 3 0.464650 3 0.469377 0.301376 0.062058 -0.297867 0.059702 0.291023 0.122197 -0.261176 0.092518 0
5470 4 0.461287 3 0.459005 0.296207 0.067032 -0.286982 0.068070 0.291023 0.122197 -0.261176 0.092518 0
5480 4 0.458028 4 0.460542 0.301694 0.067032 -0.297999 0.061233 0.291023 0.122197 -0.261176 0.092518 0
5490 4 0.451621 4 0.454702 0.291626 0.061862 -0.296919 0.069129 0.291023 0.122197 -0.261176 0.092518 0
5500 4 0.438865 4 0.445213 0.305274 0.064301 -0.308031 0.068285 0.291023 0.122197 -0.261176 0.092518 0
5510 3 0.416246 4 0.425134 0.295772 0.067174 -0.296286 0.076386 0.291023 0.122197 -0.261176 0.092518 0
5520 4 0.417885 4 0.413434 0.291029 0.064327 -0.288142 0.063392 0.291023 0.122197 -0.261176 0.092518 0
5530 4 0.428501 4 0.425279 0.316937 0.062750 -0.310816 0.069128 0.291023 0.122197 -0.261176 0.092518 0
5540 4 0.448479 3 0.438064 0.328435 0.073870 -0.326293 0.062563 0.291023 0.122197 -0.261176 0.092518 0
5550 4 0.471375 4 0.465671 0.335285 0.070514 -0.339191 0.069609 0.291023 0.122197 -0.261176 0.092518 0
5560 4 0.481653 4 0.476164 0.362436 0.067195 -0.332371 0.060229 0.291023 0.122197 -0.261176 0.092518 0
5570 4 0.489281 4 0.487235 0.350360 0.066702 -0.352199 0.070654 0.291023 0.122197 -0.261176 0.092518 0
5580 4 0.488785 4 0.490746 0.350177 0.068049 -0.346105 0.073011 0.291023 0.122197 -0.261176 0.092518 0
5590 4 0.476831 4 0.480122 0.324957 0.085404 -0.324475 0.073137 0.291023 0.122197 -0.261176 0.092518 0
5600 4 0.465716 4 0.473268 0.318750 0.069471 -0.313571 0.077969 0.291023 0.122197 -0.261176 0.092518 0
5610 5 0.474588 4 0.465353 0.319554 0.090009 -0.325200 0.079735 0.291023 0.122197 -0.261176 0.092518 0
5620 5 0.471626 5 0.474159 0.313693 0.091682 -0.325318 0.074590 0.291023 0.122197 -0.261176 0.092518 0
5630 5 0.484229 5 0.475405 0.309238 0.074797 -0.325632 0.086334 0.291023 0.122197 -0.261176 0.092518 0
5640 6 0.480658 6 0.486741 0.316967 0.073439 -0.334775 0.079456 0.291023 0.122197 -0.261176 0.092518 0
5650 6 0.475688 6 0.477541 0.310991 0.077328 -0.310332 0.081148 0.291023 0.122197 -0.261176 0.092518 0
5660 6 0.482718 5 0.478893 0.322079 0.080931 -0.319142 0.091784 0.291023 0.122197 -0.261176 0.092518 0
5670 6 0.485608 6 0.484654 0.313931 0.092721 -0.315148 0.094848 0.291023 0.122197 -0.261176 0.092518 0
5680 6 0.492892 6 0.485504 0.341410 0.102001 -0.313715 0.096445 0.291023 0.122197 -0.261176 0.092518 0
5690 6 0.495658 6 0.497503 0.311011 0.094901 -0.314068 0.099864 0.291023 0.122197 -0.261176 0.092518 0
5700 6 0.507554 6 0.498445 0.319966 0.092998 -0.306481 0.101278 0.291023 0.122197 -0.261176 0.092518 1
5710 6 0.518577 6 0.513505 0.320143 0.098335 -0.311394 0.092942 0.291023 0.122197 -0.261176 0.092518 1
5720 6 0.525941 6 0.521105 0.304912 0.080394 -0.293068 0.083201 0.291023 0.122197 -0.261176 0.092518 1
5730 6 0.531905 6 0.529313 0.289682 0.085736 -0.293803 0.087570 0.291023 0.122197 -0.261176 0.092518 1
5740 6 0.535160 6 0.533355 0.281984 0.092267 -0.298823 0.074709 0.291023 0.122197 -0.261176 0.092518 1
5750 6 0.539383 6 0.537066 0.296519 0.089932 -0.295820 0.076565 0.291023 0.122197 -0.261176 0.092518 1
5760 6 0.533891 6 0.539388 0.296105 0.077078 -0.287579 0.071688 0.291023 0.122197 -0.261176 0.092518 1
5770 6 0.529612 6 0.529868 0.311071 0.073720 -0.289220 0.065736 0.291023 0.122197 -0.261176 0.092518 1
5780 6 0.536758 6 0.532769 0.319428 0.077986 -0.299815 0.067938 0.291023 0.122197 -0.261176 0.092518 1
5790 6 0.539859 6 0.538013 0.311742 0.078692 -0.285213 0.063214 0.291023 0.122197 -0.261176 0.092518 1
5800 6 0.544200 6 0.541728 0.299364 0.082053 -0.291114 0.075951 0.291023 0.122197 -0.261176 0.092518 1
5810 6 0.533964 6 0.542331 0.308861 0.075000 -0.279740 0.066734 0.291023 0.122197 -0.261176 0.092518 1
5820 6 0.533951 6 0.530082 0.308130 0.086580 -0.290541 0.071722 0.291023 0.122197 -0.261176 0.092518 1
5830 5 0.536043 5 0.535908 0.314399 0.088706 -0.300287 0.071755 0.291023 0.122197 -0.261176 0.092518 1
5840 5 0.532889 5 0.534880 0.305025 0.082651 -0.303242 0.076909 0.291023 0.122197 -0.261176 0.092518 1
5850 5 0.535113 5 0.532943 0.310850 0.079166 -0.293633 0.071785 0.291023 0.122197 -0.261176 0.092518 1
5860 5 0.539474 5 0.537560 0.319778 0.083393 -0.297024 0.068389 0.291023 0.122197 -0.261176 0.092518 1
5870 5 0.543821 5 0.542646 0.312637 0.084397 -0.308106 0.074852 0.291023 0.122197 -0.261176 0.092518 1
5880 5 0.547319 5 0.544843 0.338465 0.086558 -0.316689 0.071188 0.291023 0.122197 -0.261176 0.092518 1
5890 5 0.545628 5 0.548007 0.329711 0.081445 -0.301743 0.070317 0.291023 0.122197 -0.261176 0.092518 1
5900 5 0.552647 5 0.546109 0.314364 0.090681 -0.300018 0.076502 0.291023 0.122197 -0.261176 0.092518 1
5910 5 0.560536 5 0.559721 0.313539 0.077023 -0.303819 0.077111 0.291023 0.122197 -0.261176 0.092518 1
5920 5 0.557795 5 0.558455 0.310578 0.081851 -0.312531 0.075482 0.291023 0.122197 -0.261176 0.092518 1
5930 5 0.538999 5 0.551302 0.302405 0.079933 -0.277338 0.069524 0.291023 0.122197 -0.261176 0.092518 1
5940 4 0.526217 5 0.528939 0.288754 0.071607 -0.288411 0.067684 0.291023 0.122197 -0.261176 0.092518 1
5950 4 0.556222 3 0.537655 0.320273 0.079393 -0.284068 0.060486 0.291023 0.122197 -0.261176 0.092518 1
5960 1 0.586465 2 0.587431 0.295038 0.075965 -0.270190 0.068379 0.291023 0.122197 -0.261176 0.092518 1
5970 0 0.583174 1 0.583399 0.300091 0.076614 -0.266509 0.075222 0.291023 0.122197 -0.261176 0.092518 1
5980 0 0.570425 1 0.571195 0.285865 0.083495 -0.280917 0.059041 0.291023 0.122197 -0.261176 0.092518 1
5990 0 0.558363 -1 0.558926 0.290614 0.070181 -0.285660 0.076142 0.291023 0.122197 -0.261176 0.092518 1
6000 -1 0.565879 -1 0.566053 0.297607 0.081191 -0.270751 0.070932 0.291023 0.122197 -0.261176 0.092518 1
6010 0 0.559021 0 0.559021 0.274732 0.074803 -0.269357 0.067560 0.291023 0.122197 -0.261176 0.092518 1
6020 0 0.549325 0 0.549325 0.285362 0.072064 -0.268034 0.070478 0.291023 0.122197 -0.261176 0.092518 1
6030 0 0.542374 0 0.542374 0.299534 0.082405 -0.263134 0.054205 0.291023 0.122197 -0.261176 0.092518 1
6040 0 0.532915 0 0.532915 0.304988 0.086658 -0.273490 0.069496 0.291023 0.122197 -0.261176 0.092518 1
6050 0 0.532106 -1 0.532699 0.286961 0.081180 -0.275701 0.065013 0.291023 0.122197 -0.261176 0.092518 1
6060 -1 0.539515 -1 0.540189 0.311981 0.079745 -0.276508 0.056108 0.291023 0.122197 -0.261176 0.092518 1
6070 0 0.545241 -1 0.545461 0.315912 0.075646 -0.285651 0.070263 0.291023 0.122197 -0.261176 0.092518 1
6080 -1 0.540865 0 0.540637 0.296377 0.076939 -0.259848 0.066956 0.291023 0.122197 -0.261176 0.092518 1
6090 0 0.528011 0 0.528011 0.292985 0.080327 -0.279162 0.069736 0.291023 0.122197 -0.261176 0.092518 1
6100 0 0.506603 1 0.506790 0.305197 0.087188 -0.268962 0.063554 0.291023 0.122197 -0.261176 0.092518 1
6110 0 0.498380 0 0.498380 0.286059 0.074565 -0.289449 0.062059 0.291023 0.122197 -0.261176 0.092518 0
6120 0 0.490896 0 0.490896 0.310679 0.086291 -0.268222 0.061912 0.291023 0.122197 -0.261176 0.092518 0
6130 0 0.495728 0 0.495728 0.298490 0.078323 -0.259260 0.059244 0.291023 0.122197 -0.261176 0.092518 0
6140 0 0.498599 0 0.498599 0.319380 0.076169 -0.265340 0.055672 0.291023 0.122197 -0.261176 0.092518 0
6150 0 0.484160 1 0.484677 0.305242 0.072327 -0.279838 0.062736 0.291023 0.122197 -0.261176 0.092518 0
6160 -1 0.474602 -2 0.476806 0.334988 0.076516 -0.278194 0.063820 0.291023 0.122197 -0.261176 0.092518 0
6170 -2 0.495192 -2 0.496427 0.312363 0.077223 -0.288780 0.067455 0.291023 0.122197 -0.261176 0.092518 0
6180 -2 0.491414 -2 0.488647 0.313228 0.080233 -0.281607 0.062363 0.291023 0.122197 -0.261176 0.092518 0
6190 -2 0.486232 -2 0.485919 0.331218 0.092852 -0.281515 0.058872 0.291023 0.122197 -0.261176 0.092518 0
6200 -3 0.493406 -6 0.519733 0.338586 0.075829 -0.287049 0.060383 0.291023 0.122197 -0.261176 0.092518 1
6210 -3 0.577002 -5 0.608351 0.328211 0.074667 -0.289868 0.058439 0.291023 0.122197 -0.261176 0.092518 1
6220 -4 0.628152 -4 0.629587 0.325750 0.086781 -0.285336 0.062649 0.291023 0.122197 -0.261176 0.092518 1
6230 -4 0.625280 -4 0.623549 0.329788 0.085451 -0.274312 0.055475 0.291023 0.122197 -0.261176 0.092518 1
6240 -4 0.624214 -4 0.627748 0.336249 0.090454 -0.290037 0.061969 0.291023 0.122197 -0.261176 0.092518 1
6250 -4 0.635345 -4 0.637705 0.331916 0.082410 -0.290889 0.063374 0.291023 0.122197 -0.261176 0.092518 1
6260 -4 0.636548 -4 0.633123 0.334372 0.085879 -0.307514 0.061028 0.291023 0.122197 -0.261176 0.092518 1
6270 -4 0.620588 -4 0.612433 0.343993 0.092204 -0.293759 0.064523 0.291023 0.122197 -0.261176 0.092518 1
6280 -4 0.607492 -4 0.606277 0.356692 0.099267 -0.301618 0.062026 0.291023 0.122197 -0.261176 0.092518 1
6290 -4 0.600415 -4 0.598906 0.353040 0.083982 -0.289432 0.057522 0.291023 0.122197 -0.261176 0.092518 1
6300 -4 0.600381 -4 0.601627 0.364429 0.089591 -0.292348 0.057149 0.291023 0.122197 -0.261176 0.092518 1
6310 -4 0.602870 -4 0.602288 0.353925 0.086913 -0.286034 0.053661 0.291023 0.122197 -0.261176 0.092518 1
6320 -4 0.603219 -4 0.604382 0.354525 0.082555 -0.274152 0.063644 0.291023 0.122197 -0.261176 0.092518 1
6330 -4 0.604816 -4 0.604662 0.354334 0.092766 -0.276026 0.052130 0.291023 0.122197 -0.261176 0.092518 1
6340 -4 0.604292 -4 0.603934 0.347386 0.093195 -0.268632 0.055064 0.291023 0.122197 -0.261176 0.092518 1
6350 -4 0.603052 -4 0.602292 0.353609 0.104602 -0.277160 0.049593 0.291023 0.122197 -0.261176 0.092518 1
6360 -4 0.600411 -4 0.598965 0.350381 0.087442 -0.270976 0.055617 0.291023 0.122197 -0.261176 0.092518 1
6370 -4 0.598291 -5 0.600529 0.365160 0.099958 -0.271047 0.053594 0.291023 0.122197 -0.261176 0.092518 1
6380 -4 0.606585 -5 0.612365 0.371889 0.104151 -0.275148 0.055875 0.291023 0.122197 -0.261176 0.092518 1
6390 -4 0.616509 -4 0.616986 0.351938 0.104335 -0.268212 0.053525 0.291023 0.122197 -0.261176 0.092518 1
6400 -4 0.618930 -4 0.622688 0.378734 0.103659 -0.276668 0.055950 0.291023 0.122197 -0.261176 0.092518 1
6410 -4 0.628817 -4 0.630180 0.369201 0.095777 -0.282942 0.054611 0.291023 0.122197 -0.261176 0.092518 1
6420 -4 0.628481 -4 0.626669 0.361242 0.092813 -0.271706 0.054811 0.291023 0.122197 -0.261176 0.092518 1
6430 -4 0.624023 -4 0.622597 0.379913 0.103334 -0.276274 0.057924 0.291023 0.122197 -0.261176 0.092518 1
6440 -4 0.629302 -4 0.630522 0.340894 0.087528 -0.280587 0.055660 0.291023 0.122197 -0.261176 0.092518 1
6450 -4 0.620550 -4 0.613165 0.368281 0.092446 -0.277558 0.052901 0.291023 0.122197 -0.261176 0.092518 1
6460 -5 0.609909 -5 0.616483 0.367475 0.092807 -0.273773 0.050149 0.291023 0.122197 -0.261176 0.092518 1
6470 -4 0.641222 -5 0.665365 0.382854 0.093899 -0.269593 0.047647 0.291023 0.122197 -0.261176 0.092518 1
6480 -4 0.683177 -4 0.686608 0.412675 0.115686 -0.280703 0.056937 0.291023 0.122197 -0.261176 0.092518 1
6490 -4 0.691462 -4 0.695927 0.416209 0.104565 -0.284786 0.054523 0.291023 0.122197 -0.261176 0.092518 1
6500 -4 0.702346 -4 0.703220 0.414305 0.094419 -0.291516 0.047584 0.291023 0.122197 -0.261176 0.092518 1
6510 -4 0.704094 -4 0.704688 0.420096 0.097035 -0.290605 0.053381 0.291023 0.122197 -0.261176 0.092518 1
6520 -4 0.704236 -4 0.703617 0.396183 0.105809 -0.289883 0.056323 0.291023 0.122197 -0.261176 0.092518 1
6530 -4 0.703276 -4 0.703534 0.404760 0.099007 -0.285218 0.046605 0.291023 0.122197 -0.261176 0.092518 1
6540 -4 0.703003 -4 0.702158 0.417576 0.110144 -0.284297 0.055019 0.291023 0.122197 -0.261176 0.092518 1
6550 -4 0.701482 -4 0.700227 0.404180 0.105127 -0.285897 0.050790 0.291023 0.122197 -0.261176 0.092518 1
6560 -4 0.698448 -4 0.698072 0.423893 0.097373 -0.286427 0.054058 0.291023 0.122197 -0.261176 0.092518 1
6570 -4 0.696057 -4 0.692987 0.397708 0.103539 -0.283904 0.056924 0.291023 0.122197 -0.261176 0.092518 1
6580 -4 0.689043 -4 0.688227 0.402898 0.103087 -0.288431 0.051830 0.291023 0.122197 -0.261176 0.092518 1
6590 -4 0.688725 -4 0.689145 0.397749 0.108592 -0.279641 0.050884 0.291023 0.122197 -0.261176 0.092518 1
6600 -4 0.690252 -4 0.691190 0.386174 0.111261 -0.289559 0.051397 0.291023 0.122197 -0.261176 0.092518 1
6610 -4 0.691525 -4 0.691542 0.412039 0.113214 -0.277181 0.051541 0.291023 0.122197 -0.261176 0.092518 1
6620 -4 0.691910 -4 0.692527 0.365614 0.133689 -0.264990 0.057088 0.291023 0.122197 -0.261176 0.092518 1
6630 -4 0.693846 -4 0.694451 0.373585 0.127823 -0.255614 0.053016 0.291023 0.122197 -0.261176 0.092518 1
6640 -4 0.695282 -4 0.695614 0.379520 0.147389 -0.252318 0.056234 0.291023 0.122197 -0.261176 0.092518 1
6650 -4 0.695902 -4 0.696288 0.379601 0.135076 -0.268759 0.071116 0.291023 0.122197 -0.261176 0.092518 1
6660 -4 0.699046 -4 0.700839 0.367376 0.145637 -0.257232 0.053287 0.291023 0.122197 -0.261176 0.092518 1
6670 -4 0.701155 -4 0.701331 0.382210 0.133075 -0.244757 0.071998 0.291023 0.122197 -0.261176 0.092518 1
6680 -4 0.702224 -4 0.703277 0.400252 0.173384 -0.231344 0.060051 0.291023 0.122197 -0.261176 0.092518 1
6690 -4 0.705454 -4 0.706358 0.377175 0.169994 -0.228862 0.077869 0.291023 0.122197 -0.261176 0.092518 1
6700 -4 0.707193 -4 0.707708 0.361714 0.185267 -0.233729 0.077542 0.291023 0.122197 -0.261176 0.092518 1
6710 -4 0.708638 -4 0.709444 0.355387 0.181698 -0.242275 0.077572 0.291023 0.122197 -0.261176 0.092518 1
6720 -4 0.710269 -4 0.711227 0.364841 0.182308 -0.239420 0.076171 0.291023 0.122197 -0.261176 0.092518 1
6730 -4 0.718041 -4 0.722692 0.386177 0.173864 -0.231151 0.075751 0.291023 0.122197 -0.261176 0.092518 1
6740 -4 0.724860 -4 0.724068 0.382789 0.192850 -0.236991 0.084201 0.291023 0.122197 -0.261176 0.092518 1
6750 -4 0.720073 -3 0.709322 0.371934 0.168626 -0.245384 0.070546 0.291023 0.122197 -0.261176 0.092518 1
6760 -4 0.680223 -4 0.672134 0.398207 0.163839 -0.241476 0.071733 0.291023 0.122197 -0.261176 0.092518 1
6770 -4 0.670539 -4 0.670325 0.398058 0.157870 -0.231918 0.071876 0.291023 0.122197 -0.261176 0.092518 1
6780 -4 0.670688 -4 0.670948 0.375847 0.156432 -0.241169 0.073782 0.291023 0.122197 -0.261176 0.092518 1
6790 -4 0.671653 -4 0.672368 0.353066 0.177423 -0.233911 0.073601 0.291023 0.122197 -0.261176 0.092518 1
6800 -4 0.672972 -4 0.674259 0.380516 0.155673 -0.226232 0.063407 0.291023 0.122197 -0.261176 0.092518 1
6810 -4 0.678691 -4 0.681882 0.389504 0.164729 -0.227109 0.081230 0.291023 0.122197 -0.261176 0.092518 1
6820 -4 0.685732 -4 0.687368 0.384477 0.170565 -0.237247 0.070320 0.291023 0.122197 -0.261176 0.092518 1
6830 -4 0.689563 -4 0.692122 0.366271 0.178735 -0.240142 0.074348 0.291023 0.122197 -0.261176 0.092518 1
6840 -4 0.697661 -4 0.701630 0.376068 0.167220 -0.239188 0.073492 0.291023 0.122197 -0.261176 0.092518 1
6850 -4 0.704545 -4 0.704584 0.412114 0.167385 -0.226866 0.065664 0.291023 0.122197 -0.261176 0.092518 1
6860 -4 0.704112 -4 0.703857 0.353851 0.167419 -0.249491 0.068949 0.291023 0.122197 -0.261176 0.092518 1
6870 -4 0.703470 -4 0.703845 0.376307 0.192394 -0.239942 0.079617 0.291023 0.122197 -0.261176 0.092518 1
6880 -4 0.704579 -4 0.704964 0.359109 0.192862 -0.240407 0.074915 0.291023 0.122197 -0.261176 0.092518 1
6890 -4 0.706911 -4 0.710900 0.403233 0.162147 -0.242057 0.072614 0.291023 0.122197 -0.261176 0.092518 1
6900 -4 0.716983 -4 0.717937 0.378167 0.165589 -0.237454 0.076550 0.291023 0.122197 -0.261176 0.092518 1
6910 -4 0.715896 -4 0.714543 0.369436 0.175377 -0.253378 0.065454 0.291023 0.122197 -0.261176 0.092518 1
6920 -4 0.713069 -4 0.712030 0.392745 0.190814 -0.255652 0.060668 0.291023 0.122197 -0.261176 0.092518 1
6930 -4 0.710170 -4 0.708652 0.380146 0.183009 -0.251511 0.069646 0.291023 0.122197 -0.261176 0.092518 1
6940 -4 0.706917 -4 0.706770 0.415383 0.183356 -0.246089 0.075155 0.291023 0.122197 -0.261176 0.092518 1
6950 -4 0.708499 -4 0.710291 0.361064 0.190370 -0.225996 0.076318 0.291023 0.122197 -0.261176 0.092518 1
6960 -4 0.712545 -4 0.713819 0.340529 0.178077 -0.237988 0.078010 0.291023 0.122197 -0.261176 0.092518 1
6970 -4 0.714666 -4 0.714811 0.382102 0.199897 -0.203844 0.097290 0.291023 0.122197 -0.261176 0.092518 1
6980 -4 0.718747 -4 0.726401 0.366398 0.198487 -0.203662 0.101177 0.291023 0.122197 -0.261176 0.092518 1
6990 -4 0.738730 -4 0.746976 0.356718 0.225033 -0.226106 0.093226 0.291023 0.122197 -0.261176 0.092518 1
7000 -4 0.749852 -3 0.746842 0.370850 0.188915 -0.209509 0.100261 0.291023 0.122197 -0.261176 0.092518 1
7010 -4 0.705875 -1 0.681801 0.362431 0.194145 -0.208779 0.097784 0.291023 0.122197 -0.261176 0.092518 1
7020 -2 0.622403 -1 0.619379 0.342821 0.196969 -0.227062 0.083019 0.291023 0.122197 -0.261176 0.092518 1
7030 -2 0.625587 -3 0.628608 0.376786 0.198081 -0.216310 0.084941 0.291023 0.122197 -0.261176 0.092518 1
7040 -2 0.632400 -2 0.632839 0.372178 0.221711 -0.206987 0.099656 0.291023 0.122197 -0.261176 0.092518 1
7050 -2 0.635498 -2 0.636091 0.371949 0.226976 -0.209569 0.095503 0.291023 0.122197 -0.261176 0.092518 1
7060 -2 0.637981 -3 0.639765 0.319012 0.231468 -0.215389 0.095160 0.291023 0.122197 -0.261176 0.092518 1
7070 -2 0.656163 -3 0.665467 0.324181 0.236524 -0.221533 0.082095 0.291023 0.122197 -0.261176 0.092518 1
7080 -2 0.684496 -3 0.690178 0.366737 0.222937 -0.211127 0.085388 0.291023 0.122197 -0.261176 0.092518 1
7090 -2 0.705194 -3 0.707713 0.347258 0.228223 -0.206794 0.085218 0.291023 0.122197 -0.261176 0.092518 1
7100 -2 0.707817 -2 0.707471 0.354704 0.234503 -0.212224 0.087381 0.291023 0.122197 -0.261176 0.092518 1
7110 -3 0.707914 -3 0.709004 0.329846 0.248080 -0.210359 0.073871 0.291023 0.122197 -0.261176 0.092518 1
7120 -3 0.711624 -3 0.712172 0.401057 0.224673 -0.203845 0.081389 0.291023 0.122197 -0.261176 0.092518 1
7130 -3 0.712449 -3 0.713054 0.376536 0.211329 -0.211044 0.074182 0.291023 0.122197 -0.261176 0.092518 1
7140 -3 0.714352 -3 0.714330 0.381997 0.224032 -0.208868 0.076669 0.291023 0.122197 -0.261176 0.092518 1
7150 -3 0.714703 -3 0.715509 0.428022 0.214053 -0.204297 0.069108 0.291023 0.122197 -0.261176 0.092518 1
7160 -3 0.715780 -3 0.715230 0.396948 0.230904 -0.213045 0.069885 0.291023 0.122197 -0.261176 0.092518 1
