200 -42 0.048576 -41 0.048601 0.310614 0.092344 -0.310518 0.076736 0.238870 0.103447 -0.225863 0.083695 0
210 -42 0.050801 -41 0.040024 0.311047 0.105405 -0.309838 0.090101 0.238870 0.103447 -0.225863 0.083695 0
220 -41 0.040159 -41 0.020202 0.297774 0.092560 -0.294386 0.073111 0.238870 0.103447 -0.225863 0.083695 0
230 -40 0.041886 -40 0.011456 0.307786 0.091310 -0.296377 0.077041 0.238870 0.103447 -0.225863 0.083695 0
240 -41 0.048456 -41 0.022028 0.311344 0.089127 -0.297863 0.078096 0.238870 0.103447 -0.225863 0.083695 0
250 -41 0.041275 -41 0.040249 0.294877 0.090590 -0.279946 0.081501 0.238870 0.103447 -0.225863 0.083695 0
260 -42 0.022780 -41 0.023113 0.288203 0.090582 -0.301254 0.069536 0.238870 0.103447 -0.225863 0.083695 0
270 -41 0.011826 -18 0.045051 0.303385 0.092776 -0.281194 0.085793 0.238870 0.103447 -0.225863 0.083695 0
280 -40 0.019483 -15 0.044108 0.321710 0.095466 -0.285000 0.081361 0.238870 0.103447 -0.225863 0.083695 0
290 -16 0.050760 -14 0.021282 0.300385 0.084240 -0.280466 0.074541 0.238870 0.103447 -0.225863 0.083695 0
300 -16 0.029879 -14 0.038296 0.313794 0.088726 -0.290831 0.081848 0.238870 0.103447 -0.225863 0.083695 0
310 -13 0.027903 -15 0.060204 0.280585 0.092110 -0.281110 0.073232 0.238870 0.103447 -0.225863 0.083695 0
320 -13 0.056071 -16 0.102798 0.286966 0.075320 -0.266613 0.081767 0.238870 0.103447 -0.225863 0.083695 0
330 -14 0.076424 -14 0.104559 0.298425 0.097332 -0.275907 0.079365 0.238870 0.103447 -0.225863 0.083695 0
340 -15 0.113017 -13 0.096725 0.278235 0.090534 -0.252952 0.071217 0.238870 0.103447 -0.225863 0.083695 0
350 -14 0.094476 -12 0.083755 0.279288 0.081543 -0.254400 0.073861 0.238870 0.103447 -0.225863 0.083695 0
360 -13 0.094209 -12 0.040195 0.294081 0.093318 -0.253987 0.085771 0.238870 0.103447 -0.225863 0.083695 0
370 -13 0.049895 -12 0.023488 0.301191 0.089711 -0.248375 0.069370 0.238870 0.103447 -0.225863 0.083695 0
380 -12 0.025649 -12 0.010969 0.281610 0.097375 -0.269590 0.067978 0.238870 0.103447 -0.225863 0.083695 0
390 -12 0.012262 -13 0.003361 0.270923 0.093382 -0.261136 0.068690 0.238870 0.103447 -0.225863 0.083695 0
400 -13 0.009315 -15 -0.009964 0.276522 0.092631 -0.248744 0.065245 0.238870 0.103447 -0.225863 0.083695 0
410 -14 -0.017952 -15 -0.000604 0.273578 0.078570 -0.243304 0.069967 0.238870 0.103447 -0.225863 0.083695 0
420 -15 -0.000784 -16 0.002798 0.267209 0.089122 -0.239021 0.073147 0.238870 0.103447 -0.225863 0.083695 0
430 -15 -0.001030 -14 0.025044 0.267749 0.082565 -0.240819 0.070785 0.238870 0.103447 -0.225863 0.083695 0
440 -13 0.015630 -15 0.027591 0.251696 0.086726 -0.254166 0.067353 0.238870 0.103447 -0.225863 0.083695 0
450 -13 0.022831 -15 0.025504 0.253977 0.080465 -0.246585 0.082687 0.238870 0.103447 -0.225863 0.083695 0
460 -16 0.030384 -17 0.031821 0.256338 0.078577 -0.239293 0.074104 0.238870 0.103447 -0.225863 0.083695 0
470 -16 0.023250 -19 0.028168 0.269581 0.086225 -0.233014 0.073469 0.238870 0.103447 -0.225863 0.083695 0
480 11 0.001649 39 0.149591 0.250582 0.096409 -0.255559 0.077369 0.238870 0.103447 -0.225863 0.083695 0
490 11 0.003576 10 0.000800 0.276309 0.089331 -0.238840 0.069668 0.238870 0.103447 -0.225863 0.083695 0
500 12 0.017359 11 0.002246 0.264397 0.082131 -0.249535 0.073899 0.238870 0.103447 -0.225863 0.083695 0
510 10 0.040806 42 0.143102 0.263692 0.091483 -0.235600 0.075103 0.238870 0.103447 -0.225863 0.083695 0
520 39 0.187537 -41 0.096259 0.266277 0.093673 -0.238762 0.073777 0.238870 0.103447 -0.225863 0.083695 0
530 39 0.189132 -41 0.093371 0.265889 0.104123 -0.251268 0.082768 0.238870 0.103447 -0.225863 0.083695 0
540 38 0.191135 -41 0.098054 0.262126 0.096752 -0.246964 0.079122 0.238870 0.103447 -0.225863 0.083695 0
550 38 0.173048 37 0.133917 0.250125 0.100081 -0.255280 0.082327 0.238870 0.103447 -0.225863 0.083695 0
560 39 0.148037 39 0.186838 0.277094 0.088552 -0.236750 0.092763 0.238870 0.103447 -0.225863 0.083695 0
570 39 0.150832 39 0.189975 0.262920 0.091759 -0.240354 0.091010 0.238870 0.103447 -0.225863 0.083695 0
580 40 0.158217 39 0.188439 0.263117 0.104935 -0.236568 0.084833 0.238870 0.103447 -0.225863 0.083695 0
590 6 0.066475 5 0.048759 0.248607 0.108941 -0.235094 0.090133 0.238870 0.103447 -0.225863 0.083695 0
600 2 0.069666 4 0.072070 0.249634 0.103435 -0.242349 0.087292 0.238870 0.103447 -0.225863 0.083695 0
610 3 0.066496 3 0.065532 0.233043 0.114544 -0.245234 0.097462 0.238870 0.103447 -0.225863 0.083695 0
620 -2 0.062614 -4 0.063231 0.237984 0.112125 -0.241997 0.091889 0.238870 0.103447 -0.225863 0.083695 0
630 -2 0.080629 -6 0.091123 0.250219 0.096182 -0.234689 0.096684 0.238870 0.103447 -0.225863 0.083695 0
640 -4 0.105256 -8 0.110056 0.258535 0.109696 -0.235115 0.091749 0.238870 0.103447 -0.225863 0.083695 0
650 -9 0.108909 -8 0.095957 0.247589 0.102281 -0.228321 0.093862 0.238870 0.103447 -0.225863 0.083695 0
660 -10 0.094514 -5 0.089073 0.232676 0.095952 -0.229301 0.091748 0.238870 0.103447 -0.225863 0.083695 0
670 37 0.217888 37 0.220431 0.255333 0.097568 -0.227895 0.095649 0.238870 0.103447 -0.225863 0.083695 0
680 -8 0.129013 37 0.226031 0.277661 0.095616 -0.222806 0.085967 0.238870 0.103447 -0.225863 0.083695 0
690 -12 0.141280 37 0.212349 0.254401 0.098110 -0.229380 0.087162 0.238870 0.103447 -0.225863 0.083695 0
700 37 0.169934 37 0.217239 0.249611 0.103955 -0.231233 0.099729 0.238870 0.103447 -0.225863 0.083695 0
710 37 0.151110 37 0.221844 0.246678 0.092055 -0.230453 0.091623 0.238870 0.103447 -0.225863 0.083695 0
720 39 0.133558 37 0.203684 0.232660 0.112762 -0.222770 0.105208 0.238870 0.103447 -0.225863 0.083695 0
730 38 0.133736 36 0.170932 0.251364 0.108469 -0.237721 0.099788 0.238870 0.103447 -0.225863 0.083695 0
740 36 0.113686 37 0.173879 0.249261 0.117310 -0.234604 0.093173 0.238870 0.103447 -0.225863 0.083695 0
750 37 0.096480 39 0.140479 0.255658 0.091288 -0.250342 0.090146 0.238870 0.103447 -0.225863 0.083695 0
760 37 0.087486 39 0.133487 0.269502 0.107375 -0.244334 0.088962 0.238870 0.103447 -0.225863 0.083695 0
770 114 0.105219 38 0.134646 0.250702 0.115975 -0.245504 0.086979 0.238870 0.103447 -0.225863 0.083695 0
780 -13 0.074923 -12 0.092907 0.243447 0.092408 -0.242811 0.076871 0.238870 0.103447 -0.225863 0.083695 0
790 -11 0.091493 37 0.091784 0.253865 0.081757 -0.256657 0.080037 0.238870 0.103447 -0.225863 0.083695 0
800 36 0.098046 37 0.085791 0.237501 0.089531 -0.237443 0.088479 0.238870 0.103447 -0.225863 0.083695 0
810 -3 0.088303 -3 0.092209 0.253607 0.087627 -0.248770 0.081998 0.238870 0.103447 -0.225863 0.083695 0
820 -8 0.073148 35 0.076129 0.242590 0.078614 -0.248465 0.074360 0.238870 0.103447 -0.225863 0.083695 0
830 34 0.077138 36 0.088594 0.261453 0.091751 -0.239978 0.074641 0.238870 0.103447 -0.225863 0.083695 0
840 33 0.087197 35 0.116121 0.256789 0.084939 -0.254035 0.077866 0.238870 0.103447 -0.225863 0.083695 0
850 33 0.074268 35 0.128606 0.256122 0.081722 -0.248201 0.085052 0.238870 0.103447 -0.225863 0.083695 0
860 -13 0.038905 -13 0.076308 0.255760 0.080001 -0.232560 0.073430 0.238870 0.103447 -0.225863 0.083695 0
870 -12 0.065140 -12 0.101994 0.248079 0.079346 -0.251068 0.073671 0.238870 0.103447 -0.225863 0.083695 0
880 -12 0.098792 -11 0.107049 0.248518 0.074154 -0.237815 0.074186 0.238870 0.103447 -0.225863 0.083695 0
890 -11 0.107082 -12 0.114555 0.227448 0.071920 -0.246848 0.066117 0.238870 0.103447 -0.225863 0.083695 0
900 -11 0.113914 -11 0.101650 0.236200 0.070915 -0.236814 0.072708 0.238870 0.103447 -0.225863 0.083695 0
910 -12 0.105924 -11 0.090526 0.254547 0.082293 -0.237650 0.071024 0.238870 0.103447 -0.225863 0.083695 0
920 -11 0.088430 -11 0.128701 0.228943 0.081425 -0.256853 0.070106 0.238870 0.103447 -0.225863 0.083695 0
930 -9 0.127871 -9 0.143117 0.236311 0.079823 -0.237393 0.075272 0.238870 0.103447 -0.225863 0.083695 0
940 -9 0.144110 -8 0.150614 0.249767 0.080667 -0.246021 0.067585 0.238870 0.103447 -0.225863 0.083695 0
950 -8 0.150123 -9 0.151464 0.245822 0.076069 -0.241872 0.073039 0.238870 0.103447 -0.225863 0.083695 0
960 -9 0.152287 -9 0.169479 0.265686 0.066438 -0.239788 0.076073 0.238870 0.103447 -0.225863 0.083695 0
970 -9 0.170836 -8 0.168092 0.256232 0.065939 -0.239867 0.067543 0.238870 0.103447 -0.225863 0.083695 0
980 -8 0.169260 -7 0.167859 0.239124 0.073350 -0.235082 0.071810 0.238870 0.103447 -0.225863 0.083695 0
990 -8 0.162625 -7 0.149023 0.251533 0.076894 -0.246698 0.073589 0.238870 0.103447 -0.225863 0.083695 0
1000 -7 0.149843 -8 0.161007 0.247465 0.084971 -0.242946 0.073851 0.238870 0.103447 -0.225863 0.083695 0
1010 -7 0.163838 -7 0.160947 0.264851 0.082217 -0.245688 0.074960 0.238870 0.103447 -0.225863 0.083695 0
1020 -8 0.153511 -8 0.131349 0.257221 0.088729 -0.234072 0.074340 0.238870 0.103447 -0.225863 0.083695 0
1030 -8 0.130138 -9 0.131110 0.266959 0.089825 -0.246831 0.068408 0.238870 0.103447 -0.225863 0.083695 0
1040 -9 0.130375 -9 0.130042 0.266420 0.083120 -0.254417 0.076873 0.238870 0.103447 -0.225863 0.083695 0
1050 -9 0.130345 -9 0.130507 0.253677 0.081172 -0.247517 0.078309 0.238870 0.103447 -0.225863 0.083695 0
1060 -9 0.129790 -8 0.119670 0.239526 0.088666 -0.251267 0.077057 0.238870 0.103447 -0.225863 0.083695 0
1070 -9 0.115767 -8 0.108277 0.259737 0.091133 -0.235504 0.075084 0.238870 0.103447 -0.225863 0.083695 0
1080 -7 0.114631 -7 0.130471 0.246276 0.088528 -0.254698 0.072602 0.238870 0.103447 -0.225863 0.083695 0
1090 -7 0.130266 -7 0.122434 0.245216 0.074844 -0.248132 0.078584 0.238870 0.103447 -0.225863 0.083695 0
1100 -7 0.117126 -7 0.104097 0.252427 0.084319 -0.243250 0.073988 0.238870 0.103447 -0.225863 0.083695 0
1110 -8 0.099781 -6 0.086127 0.272778 0.077152 -0.257779 0.084303 0.238870 0.103447 -0.225863 0.083695 0
1120 -7 0.084773 -7 0.089943 0.277367 0.087452 -0.275280 0.078576 0.238870 0.103447 -0.225863 0.083695 0
1130 -6 0.094925 -6 0.108822 0.258962 0.082739 -0.257335 0.072241 0.238870 0.103447 -0.225863 0.083695 0
1140 -6 0.110602 -5 0.097631 0.253327 0.094135 -0.237539 0.070666 0.238870 0.103447 -0.225863 0.083695 0
1150 -6 0.088429 -6 0.085829 0.232522 0.087492 -0.238646 0.074631 0.238870 0.103447 -0.225863 0.083695 0
1160 -5 0.088533 -6 0.097126 0.253338 0.069881 -0.222178 0.080248 0.238870 0.103447 -0.225863 0.083695 0
1170 -6 0.103321 -6 0.105281 0.248669 0.084588 -0.237898 0.075521 0.238870 0.103447 -0.225863 0.083695 0
1180 -7 0.097020 -6 0.080993 0.247060 0.070963 -0.230410 0.080493 0.238870 0.103447 -0.225863 0.083695 0
1190 -7 0.074384 -7 0.072693 0.224504 0.074366 -0.235752 0.072346 0.238870 0.103447 -0.225863 0.083695 0
1200 -7 0.073759 -7 0.084000 0.231266 0.070869 -0.224054 0.074289 0.238870 0.103447 -0.225863 0.083695 0
1210 -7 0.089448 -8 0.104245 0.229767 0.076916 -0.220044 0.067720 0.238870 0.103447 -0.225863 0.083695 0
1220 -8 0.105266 -8 0.096097 0.217410 0.073875 -0.211427 0.070836 0.238870 0.103447 -0.225863 0.083695 0
1230 -8 0.093845 -8 0.088657 0.209123 0.065561 -0.196896 0.064363 0.238870 0.103447 -0.225863 0.083695 0
1240 -8 0.089723 -8 0.100195 0.213906 0.070911 -0.194816 0.072816 0.238870 0.103447 -0.225863 0.083695 0
1250 -7 0.102384 -8 0.110311 0.210235 0.068065 -0.193456 0.075402 0.238870 0.103447 -0.225863 0.083695 0
1260 -7 0.115354 -7 0.119160 0.213787 0.073411 -0.193895 0.066513 0.238870 0.103447 -0.225863 0.083695 0
1270 -7 0.117221 -7 0.118455 0.203805 0.065641 -0.203868 0.069345 0.238870 0.103447 -0.225863 0.083695 0
1280 -7 0.119741 -7 0.118103 0.205411 0.062501 -0.204649 0.057681 0.238870 0.103447 -0.225863 0.083695 0
1290 -7 0.120905 -8 0.136146 0.206341 0.067924 -0.218565 0.067960 0.238870 0.103447 -0.225863 0.083695 0
1300 -8 0.138530 -8 0.135094 0.211596 0.062264 -0.200798 0.062003 0.238870 0.103447 -0.225863 0.083695 0
1310 -9 0.135128 -9 0.125952 0.215908 0.066305 -0.226512 0.067210 0.238870 0.103447 -0.225863 0.083695 0
1320 -9 0.125060 -9 0.128592 0.207706 0.065714 -0.208603 0.055677 0.238870 0.103447 -0.225863 0.083695 0
1330 -9 0.128723 -9 0.131210 0.233380 0.059697 -0.223910 0.063249 0.238870 0.103447 -0.225863 0.083695 0
1340 -9 0.131441 -9 0.120422 0.218816 0.060053 -0.219551 0.060356 0.238870 0.103447 -0.225863 0.083695 0
1350 -10 0.118298 -10 0.121181 0.231817 0.061611 -0.235332 0.062631 0.238870 0.103447 -0.225863 0.083695 0
1360 -10 0.121181 -10 0.113363 0.227301 0.062474 -0.236289 0.058268 0.238870 0.103447 -0.225863 0.083695 0
1370 -11 0.114386 -10 0.104260 0.214480 0.058953 -0.239205 0.059788 0.238870 0.103447 -0.225863 0.083695 0
1380 -11 0.104997 -10 0.119827 0.229271 0.064490 -0.230059 0.057433 0.238870 0.103447 -0.225863 0.083695 0
1390 -10 0.119827 -9 0.089010 0.224610 0.058543 -0.228577 0.053892 0.238870 0.103447 -0.225863 0.083695 0
1400 -10 0.088657 -9 0.090081 0.225403 0.054638 -0.219348 0.061402 0.238870 0.103447 -0.225863 0.083695 0
1410 -9 0.090929 -9 0.090296 0.218463 0.070793 -0.215034 0.062813 0.238870 0.103447 -0.225863 0.083695 0
1420 -9 0.091068 -10 0.096962 0.216986 0.057253 -0.219590 0.059399 0.238870 0.103447 -0.225863 0.083695 0
1430 -10 0.096962 -10 0.094544 0.204362 0.061303 -0.210330 0.059668 0.238870 0.103447 -0.225863 0.083695 0
1440 -11 0.094589 -10 0.096380 0.208539 0.066621 -0.203136 0.064893 0.238870 0.103447 -0.225863 0.083695 0
1450 -9 0.097036 -10 0.120396 0.223617 0.055674 -0.212192 0.062835 0.238870 0.103447 -0.225863 0.083695 0
1460 -9 0.122471 -9 0.131088 0.222563 0.055820 -0.219649 0.055728 0.238870 0.103447 -0.225863 0.083695 0
1470 -9 0.131183 -9 0.124082 0.206171 0.050936 -0.203037 0.064160 0.238870 0.103447 -0.225863 0.083695 0
1480 -9 0.122247 -8 0.131598 0.231244 0.062980 -0.222287 0.073559 0.238870 0.103447 -0.225863 0.083695 0
1490 -8 0.137932 -9 0.170011 0.229565 0.061095 -0.231965 0.070137 0.238870 0.103447 -0.225863 0.083695 0
1500 -7 0.178090 -8 0.183718 0.219787 0.061338 -0.225939 0.063386 0.238870 0.103447 -0.225863 0.083695 0
1510 -8 0.186074 -8 0.190993 0.237037 0.054499 -0.225509 0.066831 0.238870 0.103447 -0.225863 0.083695 0
1520 -8 0.190155 -7 0.196315 0.222021 0.058357 -0.219245 0.055692 0.238870 0.103447 -0.225863 0.083695 0
1530 -7 0.193701 -7 0.168259 0.214061 0.056716 -0.216853 0.057394 0.238870 0.103447 -0.225863 0.083695 0
1540 -7 0.157682 -7 0.151660 0.206464 0.062538 -0.206926 0.050676 0.238870 0.103447 -0.225863 0.083695 0
1550 -7 0.150908 -7 0.150489 0.202167 0.052042 -0.195408 0.060331 0.238870 0.103447 -0.225863 0.083695 0
1560 -7 0.151043 -7 0.163736 0.203105 0.054147 -0.186479 0.062101 0.238870 0.103447 -0.225863 0.083695 0
1570 -6 0.166600 -6 0.154337 0.195424 0.066784 -0.198554 0.060149 0.238870 0.103447 -0.225863 0.083695 0
1580 -6 0.145541 -5 0.141945 0.220646 0.048360 -0.218422 0.064125 0.238870 0.103447 -0.225863 0.083695 0
1590 -6 0.135191 -6 0.131855 0.198410 0.060118 -0.194839 0.052675 0.238870 0.103447 -0.225863 0.083695 0
1600 -6 0.132322 -6 0.128081 0.182906 0.051062 -0.185381 0.055418 0.238870 0.103447 -0.225863 0.083695 0
1610 -6 0.124693 -6 0.121296 0.195619 0.056501 -0.190828 0.052967 0.238870 0.103447 -0.225863 0.083695 0
1620 -6 0.127409 -6 0.135283 0.188656 0.047075 -0.184317 0.045820 0.238870 0.103447 -0.225863 0.083695 0
1630 -6 0.135860 -6 0.135083 0.173263 0.048489 -0.173214 0.051177 0.238870 0.103447 -0.225863 0.083695 0
1640 -4 0.152790 -5 0.167413 0.190663 0.059070 -0.195290 0.051553 0.238870 0.103447 -0.225863 0.083695 0
1650 -4 0.171061 -5 0.172596 0.200325 0.061131 -0.203337 0.052561 0.238870 0.103447 -0.225863 0.083695 0
1660 -4 0.173258 -3 0.161211 0.193192 0.051727 -0.189732 0.050502 0.238870 0.103447 -0.225863 0.083695 0
1670 -4 0.130161 -3 0.125087 0.196676 0.050325 -0.194200 0.049325 0.238870 0.103447 -0.225863 0.083695 0
1680 -2 0.131357 -3 0.134782 0.194693 0.052244 -0.204689 0.052677 0.238870 0.103447 -0.225863 0.083695 0
1690 -2 0.139253 -2 0.138430 0.214511 0.052453 -0.216512 0.049881 0.238870 0.103447 -0.225863 0.083695 0
1700 -2 0.148013 -2 0.148377 0.232784 0.059912 -0.224550 0.052979 0.238870 0.103447 -0.225863 0.083695 0
1710 -2 0.151723 -2 0.149781 0.226556 0.059051 -0.222785 0.055542 0.238870 0.103447 -0.225863 0.083695 0
1720 -3 0.134894 -2 0.130161 0.215280 0.066412 -0.208585 0.051355 0.238870 0.103447 -0.225863 0.083695 0
1730 -2 0.110093 -2 0.109398 0.228696 0.061186 -0.224069 0.063985 0.238870 0.103447 -0.225863 0.083695 0
1740 -2 0.098571 -1 0.093269 0.232816 0.060917 -0.219716 0.055490 0.238870 0.103447 -0.225863 0.083695 0
1750 -1 0.069629 -1 0.070396 0.216676 0.051824 -0.211830 0.050345 0.238870 0.103447 -0.225863 0.083695 0
1760 0 0.100924 -1 0.102122 0.199190 0.050837 -0.199388 0.045915 0.238870 0.103447 -0.225863 0.083695 0
1770 -1 0.108120 0 0.106320 0.203637 0.052916 -0.204234 0.051195 0.238870 0.103447 -0.225863 0.083695 0
1780 -3 0.060994 1 0.055911 0.203399 0.053713 -0.199817 0.048454 0.238870 0.103447 -0.225863 0.083695 0
1790 -39 0.091807 -40 0.127057 0.193801 0.056722 -0.188931 0.050949 0.238870 0.103447 -0.225863 0.083695 0
1800 -39 0.100336 0 0.049899 0.194389 0.051888 -0.203591 0.056874 0.238870 0.103447 -0.225863 0.083695 0
1810 0 0.057047 0 0.057047 0.204714 0.054807 -0.202853 0.055269 0.238870 0.103447 -0.225863 0.083695 0
1820 0 0.069870 -1 0.070158 0.196214 0.053036 -0.191352 0.054321 0.238870 0.103447 -0.225863 0.083695 0
1830 0 0.081064 0 0.081064 0.196357 0.053400 -0.203237 0.052669 0.238870 0.103447 -0.225863 0.083695 0
1840 1 0.111578 0 0.110642 0.202576 0.049638 -0.204699 0.052078 0.238870 0.103447 -0.225863 0.083695 0
1850 0 0.115632 0 0.115632 0.203546 0.052335 -0.189526 0.057905 0.238870 0.103447 -0.225863 0.083695 0
1860 0 0.115127 0 0.115127 0.184781 0.053905 -0.193095 0.056449 0.238870 0.103447 -0.225863 0.083695 0
1870 0 0.089970 1 0.091776 0.192539 0.051431 -0.186267 0.056128 0.238870 0.103447 -0.225863 0.083695 0
1880 -1 0.050413 0 0.049286 0.199861 0.051339 -0.186630 0.048445 0.238870 0.103447 -0.225863 0.083695 0
1890 -1 0.041780 41 0.135030 0.208305 0.050285 -0.203283 0.060649 0.238870 0.103447 -0.225863 0.083695 0
1900 -3 0.031858 41 0.135060 0.197201 0.057587 -0.192131 0.057675 0.238870 0.103447 -0.225863 0.083695 0
1910 -40 0.097567 -41 0.126071 0.189497 0.053525 -0.190101 0.049964 0.238870 0.103447 -0.225863 0.083695 0
1920 0 0.041066 -40 0.142521 0.185029 0.045204 -0.182602 0.046924 0.238870 0.103447 -0.225863 0.083695 0
1930 -2 0.041963 -40 0.140620 0.165386 0.045161 -0.170999 0.042852 0.238870 0.103447 -0.225863 0.083695 0
1940 40 0.053845 -39 0.165134 0.172670 0.043508 -0.164857 0.045456 0.238870 0.103447 -0.225863 0.083695 0
1950 39 0.083042 -39 0.171089 0.164125 0.045998 -0.163666 0.046015 0.238870 0.103447 -0.225863 0.083695 0
1960 -1 0.064240 -1 0.063965 0.166809 0.047871 -0.160658 0.045497 0.238870 0.103447 -0.225863 0.083695 0
1970 0 0.053446 0 0.053446 0.183465 0.048835 -0.171767 0.052296 0.238870 0.103447 -0.225863 0.083695 0
1980 1 0.075132 0 0.073565 0.163057 0.044710 -0.164422 0.046169 0.238870 0.103447 -0.225863 0.083695 0
1990 1 0.081140 1 0.081031 0.165677 0.048757 -0.167715 0.047767 0.238870 0.103447 -0.225863 0.083695 0
2000 1 0.094763 1 0.093937 0.167657 0.048636 -0.161146 0.053066 0.238870 0.103447 -0.225863 0.083695 0
2010 2 0.075795 1 0.077305 0.163755 0.046507 -0.167257 0.047744 0.238870 0.103447 -0.225863 0.083695 0
2020 3 0.108028 2 0.098039 0.160729 0.049122 -0.157338 0.037474 0.238870 0.103447 -0.225863 0.083695 0
2030 3 0.114069 3 0.115318 0.164034 0.051649 -0.165002 0.045044 0.238870 0.103447 -0.225863 0.083695 0
2040 4 0.109192 4 0.106051 0.186580 0.049265 -0.185426 0.052713 0.238870 0.103447 -0.225863 0.083695 0
2050 4 0.124619 4 0.118988 0.192566 0.057838 -0.181082 0.051091 0.238870 0.103447 -0.225863 0.083695 0
2060 4 0.121139 5 0.120901 0.176356 0.054181 -0.174160 0.051952 0.238870 0.103447 -0.225863 0.083695 0
2070 5 0.118308 5 0.122749 0.176388 0.049354 -0.170223 0.052860 0.238870 0.103447 -0.225863 0.083695 0
2080 5 0.122867 4 0.119854 0.171824 0.047492 -0.170181 0.046226 0.238870 0.103447 -0.225863 0.083695 0
2090 4 0.121435 5 0.123426 0.171529 0.047527 -0.170946 0.047157 0.238870 0.103447 -0.225863 0.083695 0
2100 5 0.147497 4 0.131407 0.170634 0.048415 -0.172683 0.045012 0.238870 0.103447 -0.225863 0.083695 0
2110 4 0.173676 4 0.167664 0.188578 0.050517 -0.187977 0.045462 0.238870 0.103447 -0.225863 0.083695 0
2120 5 0.173156 4 0.172483 0.191090 0.046195 -0.183971 0.051404 0.238870 0.103447 -0.225863 0.083695 0
2130 5 0.178222 5 0.173172 0.197536 0.045405 -0.188297 0.049360 0.238870 0.103447 -0.225863 0.083695 0
2140 5 0.189021 4 0.185081 0.210690 0.044324 -0.208080 0.050050 0.238870 0.103447 -0.225863 0.083695 0
2150 4 0.199367 4 0.195544 0.218572 0.042690 -0.216661 0.052057 0.238870 0.103447 -0.225863 0.083695 0
2160 4 0.208527 4 0.202864 0.214745 0.047260 -0.213532 0.052515 0.238870 0.103447 -0.225863 0.083695 0
2170 3 0.242619 3 0.234437 0.209277 0.050042 -0.211789 0.053134 0.238870 0.103447 -0.225863 0.083695 0
2180 2 0.197141 3 0.213377 0.207370 0.051940 -0.207428 0.045950 0.238870 0.103447 -0.225863 0.083695 0
2190 2 0.149068 2 0.148671 0.207398 0.047788 -0.213823 0.048055 0.238870 0.103447 -0.225863 0.083695 0
2200 2 0.147215 2 0.148960 0.208162 0.042417 -0.209347 0.046663 0.238870 0.103447 -0.225863 0.083695 0
2210 2 0.141564 2 0.142449 0.205733 0.055381 -0.214829 0.045201 0.238870 0.103447 -0.225863 0.083695 0
2220 3 0.146300 2 0.144283 0.201433 0.046459 -0.183384 0.055267 0.238870 0.103447 -0.225863 0.083695 0
2230 3 0.156336 3 0.155188 0.191723 0.049306 -0.190938 0.043693 0.238870 0.103447 -0.225863 0.083695 0
2240 3 0.160692 3 0.161341 0.198786 0.047083 -0.183447 0.040552 0.238870 0.103447 -0.225863 0.083695 0
2250 3 0.161317 3 0.160630 0.205430 0.048539 -0.194445 0.047214 0.238870 0.103447 -0.225863 0.083695 0
2260 3 0.155062 3 0.160606 0.208199 0.047771 -0.204639 0.051073 0.238870 0.103447 -0.225863 0.083695 0
2270 3 0.123271 3 0.132372 0.221133 0.044955 -0.205398 0.040913 0.238870 0.103447 -0.225863 0.083695 0
2280 4 0.138467 3 0.128206 0.203921 0.048094 -0.198069 0.048589 0.238870 0.103447 -0.225863 0.083695 0
2290 4 0.144598 4 0.143108 0.223160 0.049664 -0.209139 0.045641 0.238870 0.103447 -0.225863 0.083695 0
2300 3 0.132488 4 0.138058 0.217847 0.053722 -0.201168 0.051896 0.238870 0.103447 -0.225863 0.083695 0
2310 3 0.128568 3 0.128273 0.222543 0.054397 -0.211972 0.039848 0.238870 0.103447 -0.225863 0.083695 0
2320 4 0.143461 3 0.133639 0.225059 0.049795 -0.214370 0.052323 0.238870 0.103447 -0.225863 0.083695 0
2330 3 0.170983 3 0.165203 0.225661 0.050535 -0.216769 0.055625 0.238870 0.103447 -0.225863 0.083695 0
2340 3 0.170791 3 0.172723 0.207856 0.050992 -0.204256 0.050994 0.238870 0.103447 -0.225863 0.083695 0
2350 3 0.160108 3 0.161169 0.216729 0.058968 -0.205049 0.050840 0.238870 0.103447 -0.225863 0.083695 0
2360 3 0.166285 3 0.165756 0.223318 0.053799 -0.215424 0.049207 0.238870 0.103447 -0.225863 0.083695 0
2370 3 0.160823 3 0.160415 0.231081 0.049259 -0.217393 0.045807 0.238870 0.103447 -0.225863 0.083695 0
2380 3 0.141926 3 0.150998 0.207394 0.057714 -0.217243 0.050408 0.238870 0.103447 -0.225863 0.083695 0
2390 3 0.120319 3 0.123922 0.217326 0.063086 -0.219600 0.052161 0.238870 0.103447 -0.225863 0.083695 0
2400 3 0.118907 3 0.118065 0.213641 0.054707 -0.203681 0.050245 0.238870 0.103447 -0.225863 0.083695 0
2410 3 0.130891 3 0.127838 0.224435 0.059491 -0.220677 0.054199 0.238870 0.103447 -0.225863 0.083695 0
2420 2 0.100373 3 0.114270 0.229395 0.060833 -0.215211 0.048263 0.238870 0.103447 -0.225863 0.083695 0
2430 2 0.085550 3 0.086800 0.221326 0.055237 -0.218905 0.057716 0.238870 0.103447 -0.225863 0.083695 0
2440 3 0.083176 3 0.078475 0.224259 0.062015 -0.211344 0.058524 0.238870 0.103447 -0.225863 0.083695 0
2450 3 0.087563 3 0.087530 0.210127 0.064765 -0.211891 0.059744 0.238870 0.103447 -0.225863 0.083695 0
2460 4 0.102289 3 0.094256 0.210836 0.059661 -0.211522 0.046579 0.238870 0.103447 -0.225863 0.083695 0
2470 3 0.111040 3 0.112924 0.196090 0.055572 -0.199457 0.050667 0.238870 0.103447 -0.225863 0.083695 0
2480 3 0.108235 3 0.107492 0.238543 0.065594 -0.211216 0.058896 0.238870 0.103447 -0.225863 0.083695 0
2490 4 0.112666 4 0.108928 0.211922 0.061729 -0.220965 0.062305 0.238870 0.103447 -0.225863 0.083695 0
2500 4 0.126685 4 0.119502 0.204194 0.054542 -0.193416 0.053787 0.238870 0.103447 -0.225863 0.083695 0
2510 4 0.132000 4 0.129669 0.206584 0.052744 -0.202326 0.053335 0.238870 0.103447 -0.225863 0.083695 0
2520 4 0.143971 4 0.139497 0.217326 0.059923 -0.206179 0.051196 0.238870 0.103447 -0.225863 0.083695 0
2530 3 0.149296 4 0.149994 0.214658 0.060145 -0.205992 0.051616 0.238870 0.103447 -0.225863 0.083695 0
2540 3 0.125178 3 0.139255 0.193804 0.050842 -0.208997 0.054523 0.238870 0.103447 -0.225863 0.083695 0
2550 2 0.090893 3 0.098995 0.224420 0.048145 -0.205827 0.059726 0.238870 0.103447 -0.225863 0.083695 0
2560 2 0.075563 2 0.077897 0.224473 0.052772 -0.212595 0.051304 0.238870 0.103447 -0.225863 0.083695 0
2570 3 0.095202 3 0.083787 0.221550 0.057982 -0.213587 0.054876 0.238870 0.103447 -0.225863 0.083695 0
2580 2 0.139372 2 0.133939 0.224744 0.063610 -0.207230 0.064146 0.238870 0.103447 -0.225863 0.083695 0
2590 1 0.123423 1 0.124798 0.216324 0.054590 -0.212432 0.059629 0.238870 0.103447 -0.225863 0.083695 0
2600 1 0.121526 1 0.121405 0.211970 0.055982 -0.212796 0.052253 0.238870 0.103447 -0.225863 0.083695 0
2610 1 0.118541 1 0.118260 0.203750 0.062383 -0.210054 0.052904 0.238870 0.103447 -0.225863 0.083695 0
2620 1 0.120431 1 0.120547 0.206054 0.056626 -0.197523 0.049050 0.238870 0.103447 -0.225863 0.083695 0
2630 0 0.115278 1 0.116032 0.205608 0.058532 -0.193054 0.056871 0.238870 0.103447 -0.225863 0.083695 0
2640 1 0.099262 1 0.100957 0.199711 0.055060 -0.197812 0.048312 0.238870 0.103447 -0.225863 0.083695 0
2650 2 0.109462 1 0.107145 0.195781 0.048795 -0.192202 0.050733 0.238870 0.103447 -0.225863 0.083695 0
2660 2 0.106728 2 0.107594 0.205104 0.060819 -0.211041 0.058447 0.238870 0.103447 -0.225863 0.083695 0
2670 2 0.132044 2 0.123143 0.217640 0.055287 -0.217775 0.049994 0.238870 0.103447 -0.225863 0.083695 0
2680 2 0.160607 2 0.156777 0.221257 0.063501 -0.209137 0.053136 0.238870 0.103447 -0.225863 0.083695 0
2690 2 0.156008 2 0.158929 0.214666 0.057305 -0.211644 0.052042 0.238870 0.103447 -0.225863 0.083695 0
2700 2 0.143835 2 0.146029 0.222093 0.060497 -0.227611 0.058703 0.238870 0.103447 -0.225863 0.083695 0
2710 2 0.146842 2 0.146608 0.230061 0.062333 -0.225428 0.058524 0.238870 0.103447 -0.225863 0.083695 0
2720 2 0.133000 2 0.134659 0.231161 0.055656 -0.240703 0.058153 0.238870 0.103447 -0.225863 0.083695 0
2730 3 0.150132 3 0.149164 0.235034 0.066921 -0.231656 0.061597 0.238870 0.103447 -0.225863 0.083695 0
2740 2 0.158162 2 0.158017 0.237574 0.071599 -0.219697 0.059234 0.238870 0.103447 -0.225863 0.083695 0
2750 2 0.146379 2 0.147926 0.230486 0.061777 -0.220919 0.054649 0.238870 0.103447 -0.225863 0.083695 0
2760 2 0.144641 2 0.143687 0.230760 0.064498 -0.226927 0.058783 0.238870 0.103447 -0.225863 0.083695 0
2770 2 0.142974 2 0.145229 0.238537 0.064903 -0.223832 0.061539 0.238870 0.103447 -0.225863 0.083695 0
2780 2 0.148303 2 0.146212 0.220416 0.060967 -0.218591 0.058664 0.238870 0.103447 -0.225863 0.083695 0
2790 2 0.149542 2 0.152766 0.222226 0.063730 -0.207794 0.054910 0.238870 0.103447 -0.225863 0.083695 0
2800 2 0.142267 2 0.140389 0.205387 0.057898 -0.204176 0.053863 0.238870 0.103447 -0.225863 0.083695 0
2810 2 0.176693 2 0.167975 0.211338 0.063304 -0.198839 0.053600 0.238870 0.103447 -0.225863 0.083695 0
2820 2 0.193372 2 0.195246 0.205580 0.064500 -0.196606 0.056295 0.238870 0.103447 -0.225863 0.083695 0
2830 2 0.189130 2 0.188938 0.206164 0.055164 -0.203414 0.050140 0.238870 0.103447 -0.225863 0.083695 0
2840 1 0.198132 1 0.199989 0.217745 0.056842 -0.192312 0.057324 0.238870 0.103447 -0.225863 0.083695 0
2850 1 0.166714 1 0.168587 0.218251 0.062698 -0.201584 0.054470 0.238870 0.103447 -0.225863 0.083695 0
2860 0 0.172844 0 0.172844 0.219816 0.061088 -0.195127 0.057487 0.238870 0.103447 -0.225863 0.083695 0
2870 0 0.179923 0 0.179923 0.222989 0.065750 -0.201871 0.055229 0.238870 0.103447 -0.225863 0.083695 0
2880 1 0.188724 0 0.187082 0.226115 0.062458 -0.212918 0.057381 0.238870 0.103447 -0.225863 0.083695 0
2890 1 0.216988 1 0.214711 0.214842 0.065511 -0.215284 0.063965 0.238870 0.103447 -0.225863 0.083695 0
2900 0 0.231676 0 0.231676 0.216256 0.064141 -0.211469 0.057464 0.238870 0.103447 -0.225863 0.083695 0
2910 0 0.232723 0 0.232723 0.232757 0.067002 -0.213443 0.054097 0.238870 0.103447 -0.225863 0.083695 0
2920 0 0.233725 0 0.233725 0.242828 0.063823 -0.220773 0.063352 0.238870 0.103447 -0.225863 0.083695 0
2930 0 0.244489 0 0.244489 0.258623 0.072116 -0.234963 0.052917 0.238870 0.103447 -0.225863 0.083695 0
2940 0 0.247740 0 0.247740 0.244038 0.067658 -0.234530 0.058884 0.238870 0.103447 -0.225863 0.083695 0
2950 0 0.243140 0 0.243140 0.239559 0.064161 -0.227795 0.062155 0.238870 0.103447 -0.225863 0.083695 0
2960 1 0.229571 0 0.228982 0.235744 0.063823 -0.218997 0.051985 0.238870 0.103447 -0.225863 0.083695 0
2970 1 0.221882 1 0.223368 0.238013 0.068150 -0.236452 0.056668 0.238870 0.103447 -0.225863 0.083695 0
2980 1 0.224423 1 0.222989 0.264169 0.064083 -0.228425 0.050592 0.238870 0.103447 -0.225863 0.083695 0
2990 1 0.231048 1 0.231269 0.277029 0.073719 -0.249655 0.051625 0.238870 0.103447 -0.225863 0.083695 0
3000 1 0.224734 1 0.225162 0.286876 0.071761 -0.253275 0.052961 0.238870 0.103447 -0.225863 0.083695 0
3010 1 0.230464 1 0.229275 0.280686 0.066385 -0.255220 0.054126 0.238870 0.103447 -0.225863 0.083695 0
3020 1 0.245326 1 0.243924 0.290173 0.066140 -0.252078 0.047103 0.238870 0.103447 -0.225863 0.083695 0
3030 1 0.237125 1 0.239482 0.289318 0.081807 -0.266044 0.047507 0.238870 0.103447 -0.225863 0.083695 0
3040 2 0.242934 1 0.238436 0.313468 0.083404 -0.269895 0.056348 0.238870 0.103447 -0.225863 0.083695 0
3050 2 0.250081 2 0.251478 0.311544 0.088844 -0.264800 0.062729 0.238870 0.103447 -0.225863 0.083695 0
3060 1 0.240860 2 0.242301 0.320908 0.095832 -0.261764 0.061581 0.238870 0.103447 -0.225863 0.083695 0
3070 2 0.239742 1 0.239383 0.298714 0.091057 -0.270648 0.063064 0.238870 0.103447 -0.225863 0.083695 0
3080 1 0.235800 1 0.236249 0.309914 0.096738 -0.281413 0.069661 0.238870 0.103447 -0.225863 0.083695 0
3090 1 0.243423 1 0.242771 0.327758 0.094195 -0.277062 0.062474 0.238870 0.103447 -0.225863 0.083695 0
3100 1 0.247775 1 0.247378 0.324137 0.101968 -0.279504 0.070954 0.238870 0.103447 -0.225863 0.083695 0
3110 1 0.247893 1 0.248261 0.322934 0.092146 -0.282039 0.073141 0.238870 0.103447 -0.225863 0.083695 0
3120 1 0.242659 1 0.243700 0.333263 0.108514 -0.285802 0.066103 0.238870 0.103447 -0.225863 0.083695 0
3130 1 0.252250 0 0.249812 0.335273 0.096594 -0.284827 0.073039 0.238870 0.103447 -0.225863 0.083695 0
3140 -1 0.279464 -1 0.277827 0.342578 0.115480 -0.291872 0.074413 0.238870 0.103447 -0.225863 0.083695 0
3150 -1 0.266770 -1 0.265767 0.326459 0.108998 -0.289447 0.072491 0.238870 0.103447 -0.225863 0.083695 0
3160 0 0.259416 -1 0.260666 0.315647 0.124595 -0.280693 0.076376 0.238870 0.103447 -0.225863 0.083695 0
3170 0 0.299690 1 0.301140 0.327361 0.117408 -0.281944 0.069849 0.238870 0.103447 -0.225863 0.083695 0
3180 1 0.281802 0 0.281192 0.312762 0.116796 -0.286675 0.075598 0.238870 0.103447 -0.225863 0.083695 0
3190 2 0.286110 2 0.286741 0.355474 0.129435 -0.283528 0.079934 0.238870 0.103447 -0.225863 0.083695 0
3200 1 0.281982 2 0.282659 0.341473 0.116119 -0.293043 0.087094 0.238870 0.103447 -0.225863 0.083695 0
3210 2 0.281685 2 0.281594 0.334780 0.115608 -0.280750 0.071516 0.238870 0.103447 -0.225863 0.083695 0
3220 0 0.266351 0 0.266351 0.326098 0.124814 -0.265355 0.074466 0.238870 0.103447 -0.225863 0.083695 0
3230 0 0.296666 -3 0.301983 0.322900 0.123641 -0.296659 0.091306 0.238870 0.103447 -0.225863 0.083695 0
3240 -3 0.334718 -3 0.335853 0.314881 0.110976 -0.287859 0.085363 0.238870 0.103447 -0.225863 0.083695 0
3250 -5 0.323969 -5 0.318754 0.331448 0.117554 -0.296791 0.080564 0.238870 0.103447 -0.225863 0.083695 0
3260 -5 0.321657 -5 0.319498 0.320772 0.134699 -0.287925 0.098309 0.238870 0.103447 -0.225863 0.083695 0
3270 -7 0.310039 -20 0.296823 0.303977 0.139702 -0.288096 0.094623 0.238870 0.103447 -0.225863 0.083695 0
3280 -12 0.279723 -19 0.352446 0.303427 0.131771 -0.307388 0.091983 0.238870 0.103447 -0.225863 0.083695 0
3290 -13 0.314528 -18 0.360617 0.332616 0.122814 -0.305588 0.106798 0.238870 0.103447 -0.225863 0.083695 0
3300 -17 0.358252 -17 0.358609 0.324839 0.119385 -0.284133 0.105561 0.238870 0.103447 -0.225863 0.083695 0
3310 -18 0.360694 -18 0.361782 0.310028 0.127658 -0.288303 0.099043 0.238870 0.103447 -0.225863 0.083695 0
3320 -18 0.357588 -20 0.446653 0.311340 0.114477 -0.301114 0.105747 0.238870 0.103447 -0.225863 0.083695 0
3330 -17 0.369574 -19 0.503117 0.314346 0.128016 -0.292908 0.107438 0.238870 0.103447 -0.225863 0.083695 1
3340 -17 0.460560 -18 0.507434 0.323442 0.136064 -0.304629 0.118973 0.238870 0.103447 -0.225863 0.083695 1
3350 -18 0.506326 -19 0.517306 0.333949 0.150439 -0.304221 0.109585 0.238870 0.103447 -0.225863 0.083695 1
3360 -18 0.507614 -19 0.552797 0.332013 0.130566 -0.308389 0.105406 0.238870 0.103447 -0.225863 0.083695 1
3370 -18 0.521239 -18 0.533779 0.346214 0.136946 -0.297788 0.107868 0.238870 0.103447 -0.225863 0.083695 1
3380 -19 0.556697 -19 0.493087 0.337626 0.149399 -0.308721 0.118228 0.238870 0.103447 -0.225863 0.083695 1
3390 -20 0.529038 -19 0.489565 0.306945 0.151677 -0.329459 0.116072 0.238870 0.103447 -0.225863 0.083695 1
3400 -19 0.491827 -19 0.502651 0.327000 0.131595 -0.318232 0.118489 0.238870 0.103447 -0.225863 0.083695 1
3410 -19 0.490227 -19 0.505458 0.299696 0.147040 -0.314647 0.116520 0.238870 0.103447 -0.225863 0.083695 1
3420 -19 0.503167 -18 0.505517 0.349212 0.131879 -0.315032 0.106064 0.238870 0.103447 -0.225863 0.083695 1
3430 -18 0.507565 -18 0.505921 0.352918 0.129268 -0.308783 0.118373 0.238870 0.103447 -0.225863 0.083695 1
3440 -18 0.503830 -18 0.508137 0.324320 0.153512 -0.301831 0.113637 0.238870 0.103447 -0.225863 0.083695 1
3450 -18 0.508105 -18 0.509785 0.341208 0.124478 -0.316540 0.115947 0.238870 0.103447 -0.225863 0.083695 1
3460 -18 0.507417 -18 0.506899 0.323425 0.145358 -0.301903 0.118954 0.238870 0.103447 -0.225863 0.083695 1
3470 -18 0.511985 -19 0.457542 0.347988 0.142669 -0.310113 0.115201 0.238870 0.103447 -0.225863 0.083695 1
3480 -19 0.500240 -20 0.456731 0.359548 0.136519 -0.309406 0.134890 0.238870 0.103447 -0.225863 0.083695 1
3490 -20 0.457212 -20 0.455222 0.353697 0.128728 -0.324777 0.130977 0.238870 0.103447 -0.225863 0.083695 0
3500 -20 0.456731 -19 0.455669 0.345264 0.137691 -0.321264 0.129581 0.238870 0.103447 -0.225863 0.083695 0
3510 -20 0.455222 -19 0.459613 0.304472 0.140969 -0.324694 0.128468 0.238870 0.103447 -0.225863 0.083695 0
3520 -20 0.455521 -19 0.472741 0.301394 0.143889 -0.311753 0.130552 0.238870 0.103447 -0.225863 0.083695 0
3530 -19 0.461593 -19 0.483397 0.320119 0.136459 -0.319654 0.122659 0.238870 0.103447 -0.225863 0.083695 0
3540 -19 0.474316 -18 0.483105 0.336237 0.143470 -0.319813 0.131842 0.238870 0.103447 -0.225863 0.083695 0
3550 -19 0.483069 -19 0.486339 0.316808 0.151307 -0.311087 0.109946 0.238870 0.103447 -0.225863 0.083695 0
3560 -18 0.483718 -19 0.499776 0.332403 0.159215 -0.315625 0.132911 0.238870 0.103447 -0.225863 0.083695 0
3570 -18 0.486996 -19 0.504245 0.340378 0.162392 -0.291837 0.113843 0.238870 0.103447 -0.225863 0.083695 1
3580 -18 0.501558 -19 0.508891 0.322997 0.140450 -0.329306 0.111620 0.238870 0.103447 -0.225863 0.083695 1
3590 -19 0.504096 -19 0.506254 0.317148 0.132031 -0.306066 0.122456 0.238870 0.103447 -0.225863 0.083695 1
3600 -19 0.509294 -19 0.492761 0.345857 0.150311 -0.320753 0.121026 0.238870 0.103447 -0.225863 0.083695 1
3610 -19 0.505384 -18 0.494804 0.314698 0.147475 -0.320995 0.115231 0.238870 0.103447 -0.225863 0.083695 1
3620 -19 0.491760 -18 0.481377 0.348039 0.134732 -0.327145 0.103518 0.238870 0.103447 -0.225863 0.083695 0
3630 -18 0.494330 -18 0.474186 0.361119 0.133313 -0.332121 0.105285 0.238870 0.103447 -0.225863 0.083695 0
3640 -18 0.478296 -18 0.477035 0.358863 0.136141 -0.327721 0.101261 0.238870 0.103447 -0.225863 0.083695 0
3650 -18 0.475475 -18 0.463891 0.356723 0.142840 -0.344610 0.105227 0.238870 0.103447 -0.225863 0.083695 0
3660 -18 0.475467 -18 0.458702 0.353265 0.120681 -0.319287 0.099758 0.238870 0.103447 -0.225863 0.083695 0
3670 -18 0.461239 -18 0.488754 0.340048 0.136741 -0.321349 0.118237 0.238870 0.103447 -0.225863 0.083695 0
3680 -17 0.465470 -17 0.502688 0.375910 0.121800 -0.334476 0.103092 0.238870 0.103447 -0.225863 0.083695 1
3690 -17 0.496016 -18 0.478527 0.354501 0.127992 -0.320212 0.112856 0.238870 0.103447 -0.225863 0.083695 0
3700 -18 0.497959 -19 0.467436 0.369790 0.127814 -0.319703 0.107849 0.238870 0.103447 -0.225863 0.083695 0
3710 -19 0.476638 -19 0.465524 0.347348 0.132438 -0.324696 0.092125 0.238870 0.103447 -0.225863 0.083695 0
3720 -19 0.467240 -20 0.495828 0.342808 0.126370 -0.332145 0.098950 0.238870 0.103447 -0.225863 0.083695 0
3730 -19 0.465604 -20 0.517823 0.367219 0.108954 -0.329800 0.111887 0.238870 0.103447 -0.225863 0.083695 1
3740 -19 0.497422 -21 0.509851 0.347373 0.119520 -0.338936 0.109695 0.238870 0.103447 -0.225863 0.083695 1
3750 -20 0.517823 -20 0.501249 0.369908 0.110987 -0.317701 0.116050 0.238870 0.103447 -0.225863 0.083695 1
3760 -21 0.510450 -20 0.492372 0.350365 0.115664 -0.329890 0.108484 0.238870 0.103447 -0.225863 0.083695 1
3770 -21 0.501795 -21 0.467885 0.359300 0.115452 -0.321922 0.097931 0.238870 0.103447 -0.225863 0.083695 1
3780 -21 0.493717 -20 0.456642 0.343345 0.114840 -0.345823 0.100029 0.238870 0.103447 -0.225863 0.083695 0
3790 -21 0.469878 -20 0.457075 0.352369 0.112362 -0.341089 0.090015 0.238870 0.103447 -0.225863 0.083695 0
3800 -20 0.456642 -20 0.454832 0.340707 0.121619 -0.330070 0.097835 0.238870 0.103447 -0.225863 0.083695 0
3810 -20 0.457075 -20 0.461388 0.346144 0.120340 -0.320575 0.108625 0.238870 0.103447 -0.225863 0.083695 0
3820 -20 0.454832 -19 0.486161 0.352712 0.101008 -0.338951 0.095541 0.238870 0.103447 -0.225863 0.083695 0
3830 -20 0.461388 -19 0.480791 0.365759 0.112807 -0.338175 0.091425 0.238870 0.103447 -0.225863 0.083695 0
3840 -19 0.485544 -19 0.477034 0.365379 0.103808 -0.326957 0.085823 0.238870 0.103447 -0.225863 0.083695 0
3850 -19 0.480699 -19 0.475427 0.370402 0.110186 -0.334329 0.091570 0.238870 0.103447 -0.225863 0.083695 0
3860 -19 0.476824 -19 0.464503 0.350796 0.108949 -0.320630 0.090034 0.238870 0.103447 -0.225863 0.083695 0
3870 -19 0.475197 -19 0.404810 0.340902 0.099635 -0.322038 0.088285 0.238870 0.103447 -0.225863 0.083695 0
3880 -20 0.464144 -20 0.381524 0.342411 0.095496 -0.313178 0.089526 0.238870 0.103447 -0.225863 0.083695 0
3890 -20 0.403938 -21 0.362047 0.336138 0.108964 -0.320718 0.076369 0.238870 0.103447 -0.225863 0.083695 0
3900 -21 0.382044 -21 0.357691 0.332032 0.098491 -0.332247 0.083948 0.238870 0.103447 -0.225863 0.083695 0
3910 -21 0.363028 -21 0.357408 0.346732 0.090895 -0.316124 0.077162 0.238870 0.103447 -0.225863 0.083695 0
3920 -21 0.357770 -19 0.339042 0.361998 0.077296 -0.345307 0.089645 0.238870 0.103447 -0.225863 0.083695 0
3930 -21 0.356428 -19 0.301469 0.342335 0.076777 -0.323898 0.062342 0.238870 0.103447 -0.225863 0.083695 0
3940 -21 0.339454 -20 0.311734 0.357087 0.075848 -0.346338 0.076822 0.238870 0.103447 -0.225863 0.083695 0
3950 -20 0.301188 -19 0.333395 0.366216 0.064779 -0.343828 0.076093 0.238870 0.103447 -0.225863 0.083695 0
3960 -19 0.313291 -19 0.338659 0.360768 0.066529 -0.333832 0.081102 0.238870 0.103447 -0.225863 0.083695 0
3970 -19 0.334197 -20 0.314218 0.350235 0.076327 -0.333162 0.071688 0.238870 0.103447 -0.225863 0.083695 0
3980 -20 0.338419 -20 0.301883 0.338940 0.076953 -0.330177 0.066064 0.238870 0.103447 -0.225863 0.083695 0
3990 -20 0.314218 -20 0.305011 0.352091 0.071263 -0.340776 0.058610 0.238870 0.103447 -0.225863 0.083695 0
4000 -20 0.301883 -20 0.310775 0.354812 0.062778 -0.352918 0.062190 0.238870 0.103447 -0.225863 0.083695 0
4010 -20 0.305011 -20 0.315988 0.357777 0.065252 -0.335367 0.057595 0.238870 0.103447 -0.225863 0.083695 0
4020 -20 0.310775 -20 0.305420 0.308787 0.070183 -0.287758 0.069029 0.238870 0.103447 -0.225863 0.083695 0
4030 -20 0.315988 -20 0.280870 0.313413 0.072605 -0.300942 0.065073 0.238870 0.103447 -0.225863 0.083695 0
4040 -20 0.305420 -19 0.276176 0.309010 0.074906 -0.299764 0.063379 0.238870 0.103447 -0.225863 0.083695 0
4050 -20 0.280870 -20 0.261050 0.292314 0.072460 -0.293907 0.074035 0.238870 0.103447 -0.225863 0.083695 0
4060 -20 0.274539 -20 0.260027 0.295214 0.070546 -0.295012 0.073115 0.238870 0.103447 -0.225863 0.083695 0
4070 -20 0.261050 -21 0.257213 0.306264 0.071358 -0.297762 0.062535 0.238870 0.103447 -0.225863 0.083695 0
4080 -20 0.260027 -21 0.260339 0.288831 0.073418 -0.283745 0.066615 0.238870 0.103447 -0.225863 0.083695 0
4090 -21 0.256781 -20 0.259400 0.294586 0.068066 -0.282065 0.069113 0.238870 0.103447 -0.225863 0.083695 0
4100 -21 0.260796 -21 0.269134 0.316372 0.071018 -0.300286 0.069909 0.238870 0.103447 -0.225863 0.083695 0
4110 -20 0.259400 -21 0.277743 0.303534 0.074655 -0.296808 0.067840 0.238870 0.103447 -0.225863 0.083695 0
4120 -20 0.268578 -21 0.273604 0.297291 0.077817 -0.294907 0.074240 0.238870 0.103447 -0.225863 0.083695 0
4130 -21 0.277040 -20 0.265058 0.278691 0.076879 -0.282979 0.072830 0.238870 0.103447 -0.225863 0.083695 0
4140 -21 0.274194 -20 0.256950 0.291049 0.075883 -0.291115 0.065223 0.238870 0.103447 -0.225863 0.083695 0
4150 -21 0.265212 -19 0.229518 0.286081 0.070069 -0.281111 0.071419 0.238870 0.103447 -0.225863 0.083695 0
4160 -20 0.256950 -21 0.221496 0.288572 0.082959 -0.287990 0.072245 0.238870 0.103447 -0.225863 0.083695 0
4170 -21 0.228351 -20 0.225738 0.294461 0.075097 -0.283666 0.076983 0.238870 0.103447 -0.225863 0.083695 0
4180 -20 0.221445 -20 0.234618 0.304132 0.074716 -0.293039 0.087425 0.238870 0.103447 -0.225863 0.083695 0
4190 -20 0.225738 -19 0.212079 0.284137 0.080532 -0.287708 0.080914 0.238870 0.103447 -0.225863 0.083695 0
4200 -20 0.234618 -21 0.146374 0.293367 0.089959 -0.287461 0.078618 0.238870 0.103447 -0.225863 0.083695 0
4210 -22 0.214936 -24 0.154611 0.287759 0.077675 -0.277890 0.072102 0.238870 0.103447 -0.225863 0.083695 0
4220 -23 0.152901 -24 0.159068 0.278011 0.094534 -0.269440 0.076420 0.238870 0.103447 -0.225863 0.083695 0
4230 -23 0.151311 -24 0.158830 0.273961 0.082782 -0.275127 0.076922 0.238870 0.103447 -0.225863 0.083695 0
4240 -24 0.157435 -23 0.155440 0.274152 0.091068 -0.266859 0.067979 0.238870 0.103447 -0.225863 0.083695 0
4250 -24 0.159380 -24 0.153618 0.273338 0.087546 -0.264265 0.076929 0.238870 0.103447 -0.225863 0.083695 0
4260 -24 0.157725 -23 0.161574 0.282238 0.083127 -0.277215 0.078191 0.238870 0.103447 -0.225863 0.083695 0
4270 -24 0.152660 -21 0.166265 0.267190 0.088631 -0.258414 0.078976 0.238870 0.103447 -0.225863 0.083695 0
4280 -23 0.157764 -21 0.164765 0.262104 0.082861 -0.262548 0.071203 0.238870 0.103447 -0.225863 0.083695 0
4290 -22 0.166666 -22 0.159467 0.270474 0.078549 -0.257801 0.075998 0.238870 0.103447 -0.225863 0.083695 0
4300 -21 0.164709 -24 0.158864 0.270406 0.084654 -0.263904 0.071337 0.238870 0.103447 -0.225863 0.083695 0
4310 -22 0.162477 -24 0.171069 0.273956 0.077799 -0.255390 0.074540 0.238870 0.103447 -0.225863 0.083695 0
4320 -23 0.155259 -23 0.168189 0.288483 0.085701 -0.282543 0.075497 0.238870 0.103447 -0.225863 0.083695 0
4330 -23 0.168116 -24 0.164801 0.273701 0.082978 -0.258736 0.080463 0.238870 0.103447 -0.225863 0.083695 0
4340 -24 0.172013 -24 0.157966 0.279937 0.082771 -0.276752 0.077338 0.238870 0.103447 -0.225863 0.083695 0
4350 -23 0.162850 -25 0.150935 0.277127 0.069009 -0.291125 0.075190 0.238870 0.103447 -0.225863 0.083695 0
4360 -25 0.163769 26 0.175857 0.279869 0.069836 -0.271259 0.072747 0.238870 0.103447 -0.225863 0.083695 0
4370 -25 0.152535 -25 0.169832 0.301826 0.080097 -0.291420 0.069470 0.238870 0.103447 -0.225863 0.083695 0
4380 -25 0.154058 -25 0.166155 0.306149 0.076922 -0.291690 0.062992 0.238870 0.103447 -0.225863 0.083695 0
4390 -25 0.164770 -25 0.169078 0.293356 0.070861 -0.293682 0.068465 0.238870 0.103447 -0.225863 0.083695 0
4400 -25 0.168684 25 0.153197 0.309513 0.066803 -0.296491 0.065249 0.238870 0.103447 -0.225863 0.083695 0
4410 -24 0.166835 25 0.160165 0.302426 0.075657 -0.287505 0.074215 0.238870 0.103447 -0.225863 0.083695 0
4420 -24 0.174126 25 0.172695 0.311248 0.075846 -0.299709 0.061702 0.238870 0.103447 -0.225863 0.083695 0
4430 -25 0.177711 -24 0.182761 0.309595 0.074978 -0.306829 0.070124 0.238870 0.103447 -0.225863 0.083695 0
4440 -25 0.184797 -24 0.182250 0.320956 0.073192 -0.307186 0.063708 0.238870 0.103447 -0.225863 0.083695 0
4450 -25 0.188895 -24 0.191188 0.318767 0.082834 -0.302852 0.065285 0.238870 0.103447 -0.225863 0.083695 0
4460 -24 0.179657 -25 0.198626 0.331410 0.067445 -0.320310 0.061724 0.238870 0.103447 -0.225863 0.083695 0
4470 -24 0.187877 -25 0.189609 0.331527 0.073450 -0.308108 0.066995 0.238870 0.103447 -0.225863 0.083695 0
4480 -24 0.197349 -24 0.169752 0.344534 0.074593 -0.330638 0.059427 0.238870 0.103447 -0.225863 0.083695 0
4490 -25 0.194587 -23 0.175337 0.349216 0.072545 -0.332897 0.062189 0.238870 0.103447 -0.225863 0.083695 0
4500 -25 0.177089 -23 0.170521 0.332278 0.069198 -0.336781 0.076961 0.238870 0.103447 -0.225863 0.083695 0
4510 -23 0.173103 -22 0.167850 0.348041 0.073721 -0.331969 0.064879 0.238870 0.103447 -0.225863 0.083695 0
4520 -23 0.172339 -19 0.131954 0.353783 0.076299 -0.343296 0.063685 0.238870 0.103447 -0.225863 0.083695 0
4530 -23 0.168588 -20 0.097096 0.332023 0.080862 -0.325931 0.073014 0.238870 0.103447 -0.225863 0.083695 0
4540 -23 0.139672 -20 0.103570 0.329319 0.082354 -0.306703 0.067895 0.238870 0.103447 -0.225863 0.083695 0
4550 -20 0.097096 -23 0.111383 0.326127 0.081237 -0.317804 0.070377 0.238870 0.103447 -0.225863 0.083695 0
4560 -20 0.103570 -22 0.118447 0.299596 0.075461 -0.303884 0.070438 0.238870 0.103447 -0.225863 0.083695 0
4570 -21 0.108549 -22 0.134918 0.323360 0.085480 -0.310693 0.075385 0.238870 0.103447 -0.225863 0.083695 0
4580 -21 0.117263 -22 0.153451 0.319473 0.074435 -0.297094 0.071142 0.238870 0.103447 -0.225863 0.083695 0
4590 -20 0.133416 -21 0.149107 0.318566 0.073500 -0.307524 0.070034 0.238870 0.103447 -0.225863 0.083695 0
4600 -21 0.152081 -22 0.140594 0.329479 0.080353 -0.315529 0.069035 0.238870 0.103447 -0.225863 0.083695 0
4610 -22 0.151414 -24 0.136166 0.313749 0.085693 -0.298122 0.074359 0.238870 0.103447 -0.225863 0.083695 0
4620 -22 0.140575 -27 0.132479 0.305907 0.077363 -0.293009 0.084112 0.238870 0.103447 -0.225863 0.083695 0
4630 -24 0.145023 -26 0.136785 0.306065 0.080348 -0.283724 0.076036 0.238870 0.103447 -0.225863 0.083695 0
4640 -26 0.127543 -26 0.140913 0.323999 0.081788 -0.298849 0.069892 0.238870 0.103447 -0.225863 0.083695 0
4650 -26 0.134572 -25 0.130227 0.299795 0.074395 -0.296443 0.078381 0.238870 0.103447 -0.225863 0.083695 0
4660 -26 0.140335 -25 0.127806 0.309382 0.088959 -0.307221 0.065693 0.238870 0.103447 -0.225863 0.083695 0
4670 -26 0.137517 -24 0.164837 0.325195 0.086208 -0.324934 0.068421 0.238870 0.103447 -0.225863 0.083695 0
4680 -26 0.124498 -21 0.165910 0.337820 0.075222 -0.311348 0.075753 0.238870 0.103447 -0.225863 0.083695 0
4690 -22 0.153189 -20 0.169112 0.327281 0.079490 -0.311999 0.075191 0.238870 0.103447 -0.225863 0.083695 0
4700 -21 0.165633 -20 0.170173 0.324539 0.091559 -0.293979 0.071997 0.238870 0.103447 -0.225863 0.083695 0
4710 -20 0.169112 -21 0.156375 0.327543 0.082188 -0.304267 0.076256 0.238870 0.103447 -0.225863 0.083695 0
4720 -20 0.170173 -24 0.173165 0.345997 0.084385 -0.307910 0.062376 0.238870 0.103447 -0.225863 0.083695 0
4730 -22 0.160983 -25 0.202044 0.315647 0.076545 -0.302527 0.066513 0.238870 0.103447 -0.225863 0.083695 0
4740 -22 0.159676 -25 0.198938 0.329468 0.079870 -0.295280 0.069267 0.238870 0.103447 -0.225863 0.083695 0
4750 -23 0.196032 -25 0.192585 0.327110 0.077122 -0.310062 0.063402 0.238870 0.103447 -0.225863 0.083695 0
4760 -25 0.202250 -25 0.188125 0.334388 0.082669 -0.321524 0.066056 0.238870 0.103447 -0.225863 0.083695 0
4770 -25 0.196505 -25 0.211940 0.348108 0.076615 -0.320919 0.065846 0.238870 0.103447 -0.225863 0.083695 0
4780 -25 0.188605 -25 0.222546 0.344123 0.086748 -0.322858 0.064580 0.238870 0.103447 -0.225863 0.083695 0
4790 -23 0.198425 -25 0.205875 0.350789 0.075192 -0.333975 0.070637 0.238870 0.103447 -0.225863 0.083695 0
4800 -24 0.220541 -27 0.197235 0.355606 0.087559 -0.332320 0.071707 0.238870 0.103447 -0.225863 0.083695 0
4810 -26 0.218684 -27 0.198388 0.365825 0.078101 -0.333155 0.061079 0.238870 0.103447 -0.225863 0.083695 0
4820 -27 0.199095 -26 0.226881 0.343140 0.091565 -0.314152 0.072223 0.238870 0.103447 -0.225863 0.083695 0
4830 -27 0.198113 -24 0.233847 0.338020 0.091849 -0.322295 0.072825 0.238870 0.103447 -0.225863 0.083695 0
4840 -25 0.205520 -23 0.240156 0.358722 0.090000 -0.329075 0.075841 0.238870 0.103447 -0.225863 0.083695 0
4850 -25 0.237820 -22 0.232743 0.335947 0.083548 -0.327414 0.085021 0.238870 0.103447 -0.225863 0.083695 0
4860 -23 0.235796 -22 0.236594 0.347911 0.079350 -0.322909 0.075668 0.238870 0.103447 -0.225863 0.083695 0
4870 -22 0.234524 -21 0.247872 0.351773 0.091653 -0.328851 0.076589 0.238870 0.103447 -0.225863 0.083695 0
4880 -22 0.235314 -21 0.269631 0.339175 0.088906 -0.325284 0.068813 0.238870 0.103447 -0.225863 0.083695 0
4890 -21 0.246798 -21 0.275290 0.345860 0.088656 -0.330752 0.074080 0.238870 0.103447 -0.225863 0.083695 0
4900 -20 0.267179 -20 0.265704 0.347695 0.087181 -0.328614 0.073492 0.238870 0.103447 -0.225863 0.083695 0
4910 -21 0.275118 -21 0.257718 0.353353 0.087220 -0.331445 0.072014 0.238870 0.103447 -0.225863 0.083695 0
4920 -21 0.267199 -20 0.240872 0.354237 0.083443 -0.342969 0.075631 0.238870 0.103447 -0.225863 0.083695 0
4930 -21 0.257755 -20 0.271141 0.360670 0.086271 -0.317773 0.076599 0.238870 0.103447 -0.225863 0.083695 0
4940 -20 0.240872 -20 0.291465 0.372406 0.087290 -0.331086 0.072560 0.238870 0.103447 -0.225863 0.083695 0
4950 -19 0.271741 -20 0.308931 0.365913 0.087982 -0.313293 0.067845 0.238870 0.103447 -0.225863 0.083695 0
4960 -20 0.291465 -20 0.317560 0.367303 0.085461 -0.335565 0.073834 0.238870 0.103447 -0.225863 0.083695 0
4970 -20 0.308931 -19 0.312039 0.368166 0.083363 -0.327754 0.068625 0.238870 0.103447 -0.225863 0.083695 0
4980 -20 0.317560 -19 0.299825 0.346545 0.082812 -0.313435 0.066125 0.238870 0.103447 -0.225863 0.083695 0
4990 -19 0.310221 -19 0.297346 0.353090 0.093987 -0.324426 0.071782 0.238870 0.103447 -0.225863 0.083695 0
5000 -19 0.298428 -19 0.351669 0.336483 0.082871 -0.318250 0.074073 0.238870 0.103447 -0.225863 0.083695 0
5010 -18 0.303175 -18 0.362697 0.339092 0.077237 -0.317168 0.071962 0.238870 0.103447 -0.225863 0.083695 0
5020 -18 0.356275 -17 0.325941 0.333172 0.092276 -0.311475 0.068654 0.238870 0.103447 -0.225863 0.083695 0
5030 -18 0.357528 -18 0.336746 0.336825 0.084373 -0.315807 0.076268 0.238870 0.103447 -0.225863 0.083695 0
5040 -18 0.324777 -17 0.331431 0.336050 0.086551 -0.309657 0.058749 0.238870 0.103447 -0.225863 0.083695 0
5050 -18 0.337433 -17 0.321366 0.327966 0.084497 -0.318430 0.066295 0.238870 0.103447 -0.225863 0.083695 0
5060 -18 0.327371 -17 0.319357 0.335781 0.095137 -0.312680 0.072928 0.238870 0.103447 -0.225863 0.083695 0
5070 -17 0.321341 -17 0.326653 0.326423 0.082998 -0.307271 0.069089 0.238870 0.103447 -0.225863 0.083695 0
5080 -17 0.320480 -17 0.325611 0.324260 0.071369 -0.309062 0.071662 0.238870 0.103447 -0.225863 0.083695 0
5090 -17 0.327111 -17 0.322954 0.306805 0.085975 -0.296973 0.072053 0.238870 0.103447 -0.225863 0.083695 0
5100 -17 0.327114 -16 0.328417 0.302296 0.076124 -0.296673 0.067331 0.238870 0.103447 -0.225863 0.083695 0
5110 -16 0.321990 -16 0.333098 0.304311 0.077124 -0.299843 0.069776 0.238870 0.103447 -0.225863 0.083695 0
5120 -16 0.330794 -16 0.335511 0.306182 0.078859 -0.300056 0.070478 0.238870 0.103447 -0.225863 0.083695 0
5130 -16 0.333838 -16 0.334368 0.314323 0.068566 -0.295304 0.067268 0.238870 0.103447 -0.225863 0.083695 0
5140 -16 0.336353 -15 0.315387 0.286382 0.071262 -0.274433 0.061682 0.238870 0.103447 -0.225863 0.083695 0
5150 -16 0.329309 -15 0.287782 0.288536 0.073659 -0.283778 0.066095 0.238870 0.103447 -0.225863 0.083695 0
5160 -16 0.300386 -15 0.294393 0.305250 0.071778 -0.302553 0.064433 0.238870 0.103447 -0.225863 0.083695 0
5170 -15 0.289204 -15 0.296329 0.308996 0.072922 -0.294736 0.068733 0.238870 0.103447 -0.225863 0.083695 0
5180 -15 0.296710 -15 0.287420 0.296788 0.071692 -0.306230 0.070202 0.238870 0.103447 -0.225863 0.083695 0
5190 -15 0.290957 -14 0.276581 0.304627 0.061953 -0.292710 0.062470 0.238870 0.103447 -0.225863 0.083695 0
5200 -15 0.286432 -14 0.257359 0.293427 0.066346 -0.280460 0.063889 0.238870 0.103447 -0.225863 0.083695 0
5210 -14 0.260908 -14 0.263038 0.296212 0.078456 -0.284780 0.063298 0.238870 0.103447 -0.225863 0.083695 0
5220 -14 0.258142 -14 0.267717 0.298813 0.075202 -0.299962 0.080411 0.238870 0.103447 -0.225863 0.083695 0
5230 -14 0.267515 -14 0.264178 0.299558 0.079066 -0.302149 0.069037 0.238870 0.103447 -0.225863 0.083695 0
5240 -14 0.266172 -14 0.246107 0.304231 0.079534 -0.300648 0.066864 0.238870 0.103447 -0.225863 0.083695 0
5250 -14 0.257125 -14 0.216737 0.295505 0.070627 -0.301731 0.065862 0.238870 0.103447 -0.225863 0.083695 0
5260 -14 0.226930 -14 0.215149 0.291949 0.065391 -0.288899 0.068906 0.238870 0.103447 -0.225863 0.083695 0
5270 -14 0.212391 -14 0.215291 0.294785 0.075391 -0.298120 0.069229 0.238870 0.103447 -0.225863 0.083695 0
5280 -14 0.215420 -13 0.214067 0.300847 0.082283 -0.293941 0.074065 0.238870 0.103447 -0.225863 0.083695 0
5290 -13 0.215225 -12 0.194092 0.304566 0.081113 -0.301845 0.075283 0.238870 0.103447 -0.225863 0.083695 0
5300 -13 0.204301 -15 0.174242 0.294544 0.074395 -0.284957 0.062505 0.238870 0.103447 -0.225863 0.083695 0
5310 -14 0.170376 -15 0.191759 0.297303 0.073603 -0.286861 0.066060 0.238870 0.103447 -0.225863 0.083695 0
5320 -14 0.184020 -15 0.206427 0.295143 0.072206 -0.285987 0.067401 0.238870 0.103447 -0.225863 0.083695 0
5330 -14 0.200323 -14 0.213844 0.295452 0.071847 -0.296917 0.065908 0.238870 0.103447 -0.225863 0.083695 0
5340 -14 0.212507 -14 0.205345 0.288313 0.068460 -0.267390 0.064561 0.238870 0.103447 -0.225863 0.083695 0
5350 -14 0.209152 -14 0.222186 0.283248 0.065090 -0.273817 0.059051 0.238870 0.103447 -0.225863 0.083695 0
5360 -13 0.215011 -12 0.210216 0.278352 0.067223 -0.260502 0.058862 0.238870 0.103447 -0.225863 0.083695 0
5370 -13 0.213861 -12 0.211020 0.274018 0.074370 -0.255848 0.059835 0.238870 0.103447 -0.225863 0.083695 0
5380 -12 0.212037 -11 0.198973 0.271189 0.072521 -0.261942 0.059957 0.238870 0.103447 -0.225863 0.083695 0
5390 -12 0.201761 -11 0.192403 0.286537 0.071758 -0.261653 0.064755 0.238870 0.103447 -0.225863 0.083695 0
5400 -12 0.192601 -11 0.203401 0.284290 0.076886 -0.261178 0.068765 0.238870 0.103447 -0.225863 0.083695 0
5410 -11 0.202620 -10 0.196385 0.269362 0.079994 -0.240094 0.060993 0.238870 0.103447 -0.225863 0.083695 0
5420 -11 0.197082 -10 0.196368 0.261732 0.072778 -0.249588 0.064744 0.238870 0.103447 -0.225863 0.083695 0
5430 -10 0.196368 -10 0.201727 0.261176 0.081304 -0.239014 0.066694 0.238870 0.103447 -0.225863 0.083695 0
5440 -10 0.201727 -10 0.197293 0.265974 0.072947 -0.248409 0.065471 0.238870 0.103447 -0.225863 0.083695 0
5450 -10 0.197293 -10 0.200271 0.255316 0.077946 -0.266344 0.070290 0.238870 0.103447 -0.225863 0.083695 0
5460 -9 0.200320 -9 0.202188 0.257353 0.084141 -0.263251 0.079498 0.238870 0.103447 -0.225863 0.083695 0
5470 -10 0.201220 -9 0.189824 0.248004 0.090590 -0.231773 0.067711 0.238870 0.103447 -0.225863 0.083695 0
5480 -10 0.189687 -10 0.181586 0.252193 0.074454 -0.237069 0.069304 0.238870 0.103447 -0.225863 0.083695 0
5490 -10 0.181586 -10 0.175559 0.263744 0.082414 -0.246160 0.067161 0.238870 0.103447 -0.225863 0.083695 0
5500 -10 0.175559 -10 0.174565 0.267415 0.074020 -0.256201 0.075040 0.238870 0.103447 -0.225863 0.083695 0
5510 -10 0.174565 -11 0.189803 0.245985 0.085662 -0.247617 0.070836 0.238870 0.103447 -0.225863 0.083695 0
5520 -10 0.187596 -11 0.231266 0.245700 0.090779 -0.244633 0.064500 0.238870 0.103447 -0.225863 0.083695 0
5530 -11 0.228762 -12 0.233752 0.248487 0.072518 -0.242793 0.076210 0.238870 0.103447 -0.225863 0.083695 0
5540 -12 0.232092 -12 0.259695 0.255526 0.093641 -0.249659 0.076933 0.238870 0.103447 -0.225863 0.083695 0
5550 -12 0.254524 -12 0.269999 0.257256 0.072312 -0.244087 0.066848 0.238870 0.103447 -0.225863 0.083695 0
5560 -12 0.268447 -12 0.282781 0.271181 0.081287 -0.244349 0.067479 0.238870 0.103447 -0.225863 0.083695 0
5570 -11 0.280098 -12 0.292575 0.263607 0.076918 -0.245427 0.073338 0.238870 0.103447 -0.225863 0.083695 0
5580 -11 0.289364 -12 0.300342 0.264825 0.090697 -0.247665 0.075415 0.238870 0.103447 -0.225863 0.083695 0
5590 -12 0.300278 -13 0.324271 0.253345 0.075049 -0.230871 0.069829 0.238870 0.103447 -0.225863 0.083695 0
5600 -12 0.317086 -12 0.355815 0.255437 0.093134 -0.256115 0.084037 0.238870 0.103447 -0.225863 0.083695 0
5610 -12 0.351077 -12 0.362347 0.263827 0.084370 -0.259798 0.065182 0.238870 0.103447 -0.225863 0.083695 0
5620 -12 0.362107 -12 0.354080 0.271839 0.091673 -0.256897 0.066610 0.238870 0.103447 -0.225863 0.083695 0
5630 -12 0.357289 -12 0.345617 0.257005 0.076852 -0.264205 0.068856 0.238870 0.103447 -0.225863 0.083695 0
5640 -13 0.347424 -12 0.327710 0.248811 0.087526 -0.242296 0.077751 0.238870 0.103447 -0.225863 0.083695 0
5650 -13 0.334302 -12 0.298869 0.272670 0.085420 -0.241115 0.071667 0.238870 0.103447 -0.225863 0.083695 0
5660 -13 0.303980 -13 0.297280 0.255136 0.091968 -0.239424 0.077955 0.238870 0.103447 -0.225863 0.083695 0
5670 -13 0.296783 -12 0.311565 0.261370 0.078689 -0.225105 0.068961 0.238870 0.103447 -0.225863 0.083695 0
5680 -12 0.308663 -10 0.264460 0.256895 0.078055 -0.247501 0.067571 0.238870 0.103447 -0.225863 0.083695 0
5690 -12 0.272010 -9 0.227798 0.254318 0.088672 -0.251061 0.076936 0.238870 0.103447 -0.225863 0.083695 0
5700 -8 0.230610 -8 0.232026 0.257668 0.074855 -0.253557 0.070335 0.238870 0.103447 -0.225863 0.083695 0
5710 -8 0.230436 -8 0.225410 0.255604 0.074136 -0.252286 0.067523 0.238870 0.103447 -0.225863 0.083695 0
5720 -9 0.224204 -9 0.218533 0.266889 0.071923 -0.249582 0.063400 0.238870 0.103447 -0.225863 0.083695 0
5730 -9 0.218146 -6 0.181989 0.270798 0.077832 -0.256006 0.070719 0.238870 0.103447 -0.225863 0.083695 0
5740 -9 0.153070 -5 0.093784 0.255171 0.081768 -0.247270 0.068379 0.238870 0.103447 -0.225863 0.083695 0
5750 -5 0.093163 -6 0.112827 0.263032 0.080056 -0.251695 0.056853 0.238870 0.103447 -0.225863 0.083695 0
5760 -5 0.126452 -4 0.126047 0.290387 0.079154 -0.271845 0.071823 0.238870 0.103447 -0.225863 0.083695 0
5770 -4 0.111501 -3 0.104879 0.283505 0.069744 -0.264041 0.056333 0.238870 0.103447 -0.225863 0.083695 0
5780 -4 0.099333 -3 0.093433 0.296586 0.078777 -0.272927 0.064994 0.238870 0.103447 -0.225863 0.083695 0
5790 -4 0.065457 -1 0.055046 0.288969 0.079430 -0.261603 0.070858 0.238870 0.103447 -0.225863 0.083695 0
5800 0 0.046282 0 0.046282 0.280603 0.078175 -0.266123 0.070893 0.238870 0.103447 -0.225863 0.083695 0
5810 0 0.048639 -1 0.049480 0.297599 0.087033 -0.275535 0.073190 0.238870 0.103447 -0.225863 0.083695 0
5820 0 0.060046 0 0.060046 0.311696 0.095400 -0.290426 0.058798 0.238870 0.103447 -0.225863 0.083695 0
5830 -2 0.055072 1 0.052937 0.321295 0.093667 -0.288174 0.077849 0.238870 0.103447 -0.225863 0.083695 0
5840 79 0.275309 54 0.240869 0.315959 0.087116 -0.289099 0.075099 0.238870 0.103447 -0.225863 0.083695 0
5850 76 0.285232 103 0.301210 0.318807 0.106409 -0.306121 0.069298 0.238870 0.103447 -0.225863 0.083695 0
5860 78 0.288571 106 0.315266 0.303965 0.088510 -0.279146 0.068632 0.238870 0.103447 -0.225863 0.083695 0
5870 79 0.326742 108 0.302486 0.333935 0.100387 -0.294226 0.073326 0.238870 0.103447 -0.225863 0.083695 0
5880 80 0.356185 -37 -0.009966 0.318280 0.081893 -0.296024 0.067894 0.238870 0.103447 -0.225863 0.083695 0
5890 80 0.384966 -36 0.002136 0.319817 0.082379 -0.294473 0.081881 0.238870 0.103447 -0.225863 0.083695 0
5900 79 0.392937 -37 0.012512 0.317424 0.090917 -0.304791 0.070967 0.238870 0.103447 -0.225863 0.083695 0
5910 80 0.395240 -38 0.034950 0.300439 0.081526 -0.303400 0.079962 0.238870 0.103447 -0.225863 0.083695 0
5920 80 0.414086 -36 0.055147 0.298341 0.091154 -0.304793 0.077767 0.238870 0.103447 -0.225863 0.083695 0
5930 80 0.428531 -35 0.071427 0.298445 0.082790 -0.265873 0.076220 0.238870 0.103447 -0.225863 0.083695 0
5940 80 0.443726 -32 0.075681 0.286548 0.089076 -0.278491 0.065497 0.238870 0.103447 -0.225863 0.083695 0
5950 80 0.437983 77 0.331795 0.298901 0.101978 -0.291044 0.081435 0.238870 0.103447 -0.225863 0.083695 0
5960 79 0.445593 -36 0.059043 0.290334 0.097953 -0.304530 0.076614 0.238870 0.103447 -0.225863 0.083695 0
5970 78 0.449807 -55 0.077563 0.288065 0.094972 -0.290976 0.088837 0.238870 0.103447 -0.225863 0.083695 0
5980 80 0.458402 -45 0.097890 0.305549 0.086798 -0.286345 0.079649 0.238870 0.103447 -0.225863 0.083695 0
5990 82 0.474310 -39 0.111662 0.283837 0.091327 -0.275250 0.080731 0.238870 0.103447 -0.225863 0.083695 0
6000 82 0.479828 -52 0.119143 0.293376 0.081520 -0.274441 0.077167 0.238870 0.103447 -0.225863 0.083695 0
6010 82 0.481402 -42 0.140625 0.295031 0.085325 -0.277565 0.092499 0.238870 0.103447 -0.225863 0.083695 0
6020 82 0.474320 -36 0.152850 0.290220 0.093242 -0.293336 0.082942 0.238870 0.103447 -0.225863 0.083695 0
6030 81 0.482155 -32 0.132336 0.284257 0.085653 -0.286031 0.077075 0.238870 0.103447 -0.225863 0.083695 0
6040 81 0.491230 77 0.448047 0.287556 0.113072 -0.282544 0.091784 0.238870 0.103447 -0.225863 0.083695 0
6050 -37 0.141874 78 0.449404 0.296833 0.116123 -0.293567 0.093273 0.238870 0.103447 -0.225863 0.083695 0
6060 -37 0.147086 78 0.460259 0.280029 0.103660 -0.284359 0.109305 0.238870 0.103447 -0.225863 0.083695 0
6070 81 0.483138 -36 0.140721 0.290501 0.103464 -0.284881 0.092412 0.238870 0.103447 -0.225863 0.083695 0
6080 81 0.490988 -34 0.156013 0.296662 0.100647 -0.280664 0.093902 0.238870 0.103447 -0.225863 0.083695 0
6090 81 0.490180 -33 0.162523 0.276258 0.108090 -0.281013 0.090229 0.238870 0.103447 -0.225863 0.083695 0
6100 80 0.490462 82 0.474598 0.304486 0.108570 -0.257301 0.102925 0.238870 0.103447 -0.225863 0.083695 0
6110 79 0.489485 79 0.481704 0.284800 0.112404 -0.249812 0.079983 0.238870 0.103447 -0.225863 0.083695 0
6120 78 0.496902 80 0.491011 0.260095 0.101711 -0.269821 0.081982 0.238870 0.103447 -0.225863 0.083695 0
6130 76 0.513241 81 0.490446 0.286499 0.110125 -0.270869 0.097942 0.238870 0.103447 -0.225863 0.083695 1
6140 76 0.522197 80 0.494252 0.251671 0.105836 -0.273501 0.088246 0.238870 0.103447 -0.225863 0.083695 1
6150 76 0.519409 85 0.485510 0.284322 0.098726 -0.266753 0.101595 0.238870 0.103447 -0.225863 0.083695 1
6160 76 0.523071 80 0.490643 0.268604 0.119305 -0.275613 0.090915 0.238870 0.103447 -0.225863 0.083695 1
6170 76 0.525547 81 0.490328 0.275966 0.106981 -0.252364 0.099055 0.238870 0.103447 -0.225863 0.083695 1
6180 76 0.521196 80 0.490462 0.255415 0.126056 -0.260916 0.105650 0.238870 0.103447 -0.225863 0.083695 1
6190 75 0.524720 76 0.490970 0.273887 0.132625 -0.266733 0.097010 0.238870 0.103447 -0.225863 0.083695 1
6200 74 0.534566 69 0.505990 0.289798 0.149603 -0.262843 0.116656 0.238870 0.103447 -0.225863 0.083695 1
6210 73 0.523254 74 0.520757 0.282975 0.143407 -0.292023 0.103608 0.238870 0.103447 -0.225863 0.083695 1
6220 75 0.507259 77 0.521200 0.345639 0.135427 -0.262932 0.121645 0.238870 0.103447 -0.225863 0.083695 1
6230 78 0.498612 -43 0.242315 0.314433 0.158328 -0.289412 0.128861 0.238870 0.103447 -0.225863 0.083695 0
6240 78 0.498627 -41 0.252836 0.322248 0.147353 -0.276252 0.112325 0.238870 0.103447 -0.225863 0.083695 0
6250 77 0.498916 -35 0.256235 0.273504 0.159371 -0.300146 0.116648 0.238870 0.103447 -0.225863 0.083695 0
6260 77 0.499892 -43 0.255843 0.282090 0.152249 -0.272106 0.127870 0.238870 0.103447 -0.225863 0.083695 0
6270 77 0.498476 71 0.532191 0.307237 0.148606 -0.273553 0.117938 0.238870 0.103447 -0.225863 0.083695 1
6280 77 0.495528 76 0.532495 0.310047 0.165890 -0.292724 0.113825 0.238870 0.103447 -0.225863 0.083695 1
6290 77 0.500802 78 0.515726 0.315762 0.172547 -0.269879 0.122121 0.238870 0.103447 -0.225863 0.083695 1
6300 76 0.503773 78 0.503524 0.321626 0.162576 -0.286763 0.124187 0.238870 0.103447 -0.225863 0.083695 1
6310 75 0.507781 78 0.498001 0.334515 0.179562 -0.279810 0.124917 0.238870 0.103447 -0.225863 0.083695 0
6320 75 0.519328 77 0.499285 0.312123 0.157136 -0.292962 0.124651 0.238870 0.103447 -0.225863 0.083695 1
6330 74 0.533051 77 0.498991 0.341118 0.166103 -0.285988 0.115163 0.238870 0.103447 -0.225863 0.083695 1
6340 72 0.541749 77 0.500037 0.345999 0.166189 -0.285287 0.124148 0.238870 0.103447 -0.225863 0.083695 1
6350 74 0.538084 78 0.497402 0.328079 0.156710 -0.276582 0.120781 0.238870 0.103447 -0.225863 0.083695 1
6360 75 0.539004 68 0.497649 0.334446 0.171711 -0.272524 0.123056 0.238870 0.103447 -0.225863 0.083695 1
6370 75 0.540085 75 0.504923 0.288913 0.161904 -0.293250 0.113210 0.238870 0.103447 -0.225863 0.083695 1
6380 74 0.537928 66 0.507664 0.294417 0.163843 -0.266178 0.123586 0.238870 0.103447 -0.225863 0.083695 1
6390 75 0.540939 72 0.516720 0.265806 0.158043 -0.276164 0.110215 0.238870 0.103447 -0.225863 0.083695 1
6400 75 0.540815 66 0.536968 0.286535 0.162706 -0.242881 0.121464 0.238870 0.103447 -0.225863 0.083695 1
6410 73 0.533575 73 0.542784 0.278103 0.160078 -0.252929 0.117774 0.238870 0.103447 -0.225863 0.083695 1
6420 68 0.529270 75 0.539453 0.248387 0.186732 -0.228158 0.116151 0.238870 0.103447 -0.225863 0.083695 1
6430 71 0.527599 73 0.538107 0.270705 0.179906 -0.259927 0.113586 0.238870 0.103447 -0.225863 0.083695 1
6440 67 0.516247 75 0.539935 0.284803 0.154698 -0.251511 0.114181 0.238870 0.103447 -0.225863 0.083695 1
6450 63 0.492108 76 0.539251 0.279572 0.171422 -0.256350 0.115366 0.238870 0.103447 -0.225863 0.083695 0
6460 60 0.449563 70 0.538717 0.281017 0.150738 -0.262519 0.107731 0.238870 0.103447 -0.225863 0.083695 1
6470 58 0.409614 75 0.543459 0.276749 0.184332 -0.270115 0.106781 0.238870 0.103447 -0.225863 0.083695 0
6480 59 0.408710 77 0.537833 0.317439 0.154183 -0.246493 0.105708 0.238870 0.103447 -0.225863 0.083695 0
6490 -99 0.417300 74 0.529782 0.278333 0.170968 -0.288877 0.095700 0.238870 0.103447 -0.225863 0.083695 0
6500 -99 0.459809 74 0.528590 0.325403 0.145155 -0.268925 0.106680 0.238870 0.103447 -0.225863 0.083695 0
